topics,alpha,eta,coherence
4,0.04,8.85,0.6444713224290032
4,0.04,53.1,0.4996727055067743
4,0.04,97.35,0.4352886040087951
4,0.04,141.60000000000002,0.3848459706128763
4,0.04,185.85000000000002,0.3496414845850846
4,0.04,230.1,0.3592185445968669
4,0.04,274.35,0.37021426019487924
4,0.04,318.6,0.4111778537319225
4,0.04,362.85,0.3869162726794081
4,0.04,407.1,0.36555656266277275
4,0.04,451.35,0.3974701783353555
4,0.04,495.6,0.3968242805237241
4,0.04,539.8500000000001,0.3991309305839709
4,0.04,584.1,0.3880562953930372
4,0.04,628.35,0.3953571450508808
4,0.04,672.6,0.3770538853930476
4,0.04,716.85,0.35827589217604533
4,0.04,761.1000000000001,0.37657124966913236
4,0.04,805.35,0.37335102868622216
4,0.04,849.6,0.36739457337609077
4,0.04,symmetric,0.5683497784993594
4,0.24000000000000002,8.85,0.5974072729684445
4,0.24000000000000002,53.1,0.642226812251154
4,0.24000000000000002,97.35,0.527101836622473
4,0.24000000000000002,141.60000000000002,0.5553376886136898
4,0.24000000000000002,185.85000000000002,0.48470064518812994
4,0.24000000000000002,230.1,0.5389032923869518
4,0.24000000000000002,274.35,0.5461934318795822
4,0.24000000000000002,318.6,0.553582147355162
4,0.24000000000000002,362.85,0.5754212630624547
4,0.24000000000000002,407.1,0.571147704755465
4,0.24000000000000002,451.35,0.5906280286523651
4,0.24000000000000002,495.6,0.5924684752974609
4,0.24000000000000002,539.8500000000001,0.6124046036690123
4,0.24000000000000002,584.1,0.6175138031707885
4,0.24000000000000002,628.35,0.6181023161459201
4,0.24000000000000002,672.6,0.6256514937518098
4,0.24000000000000002,716.85,0.6355697349349958
4,0.24000000000000002,761.1000000000001,0.6350465928657529
4,0.24000000000000002,805.35,0.6323685490297812
4,0.24000000000000002,849.6,0.6323685490297811
4,0.24000000000000002,symmetric,0.5793582915774214
4,0.44,8.85,0.6177370921825991
4,0.44,53.1,0.5756696569443167
4,0.44,97.35,0.6113833147460941
4,0.44,141.60000000000002,0.6198052376406475
4,0.44,185.85000000000002,0.6180924370735738
4,0.44,230.1,0.6415899077632764
4,0.44,274.35,0.598442019211917
4,0.44,318.6,0.6086571222070273
4,0.44,362.85,0.6322025778894462
4,0.44,407.1,0.6692345000656359
4,0.44,451.35,0.6775031583531415
4,0.44,495.6,0.6533643426251048
4,0.44,539.8500000000001,0.6578739095790871
4,0.44,584.1,0.635837042209803
4,0.44,628.35,0.6186904426797376
4,0.44,672.6,0.6210309001864902
4,0.44,716.85,0.6273193240716832
4,0.44,761.1000000000001,0.6376634288805962
4,0.44,805.35,0.6238940834354643
4,0.44,849.6,0.6318977307376247
4,0.44,symmetric,0.5885739951768288
4,0.6400000000000001,8.85,0.6199294520394638
4,0.6400000000000001,53.1,0.5001972192903197
4,0.6400000000000001,97.35,0.54036265591638
4,0.6400000000000001,141.60000000000002,0.5062245643509503
4,0.6400000000000001,185.85000000000002,0.5170754618560226
4,0.6400000000000001,230.1,0.5658528386212716
4,0.6400000000000001,274.35,0.5395211274724587
4,0.6400000000000001,318.6,0.5317241408222562
4,0.6400000000000001,362.85,0.4203291128813334
4,0.6400000000000001,407.1,0.32730281751589807
4,0.6400000000000001,451.35,0.3234862570753841
4,0.6400000000000001,495.6,0.3129657797243538
4,0.6400000000000001,539.8500000000001,0.33502361655205826
4,0.6400000000000001,584.1,0.3991283409968759
4,0.6400000000000001,628.35,0.40425058104947076
4,0.6400000000000001,672.6,0.42125803926885313
4,0.6400000000000001,716.85,0.4294781646923574
4,0.6400000000000001,761.1000000000001,0.4294781646923574
4,0.6400000000000001,805.35,0.42947816469235744
4,0.6400000000000001,849.6,0.42947816469235744
4,0.6400000000000001,symmetric,0.5885739951768288
4,0.8400000000000001,8.85,0.6124673943958325
4,0.8400000000000001,53.1,0.5387438911540918
4,0.8400000000000001,97.35,0.49609999060670107
4,0.8400000000000001,141.60000000000002,0.4649855211224039
4,0.8400000000000001,185.85000000000002,0.3574046384906515
4,0.8400000000000001,230.1,0.4064487951044507
4,0.8400000000000001,274.35,0.4202405671809104
4,0.8400000000000001,318.6,0.4161620326208408
4,0.8400000000000001,362.85,0.42947816469235744
4,0.8400000000000001,407.1,0.42947816469235744
4,0.8400000000000001,451.35,0.42947816469235744
4,0.8400000000000001,495.6,0.42947816469235756
4,0.8400000000000001,539.8500000000001,0.42947816469235744
4,0.8400000000000001,584.1,0.42947816469235744
4,0.8400000000000001,628.35,0.42947816469235744
4,0.8400000000000001,672.6,0.42947816469235756
4,0.8400000000000001,716.85,0.42947816469235744
4,0.8400000000000001,761.1000000000001,0.42947816469235756
4,0.8400000000000001,805.35,0.42947816469235744
4,0.8400000000000001,849.6,0.42947816469235756
4,0.8400000000000001,symmetric,0.586352969965165
4,1.04,8.85,0.6184167900407105
4,1.04,53.1,0.5565900285891374
4,1.04,97.35,0.4601905354910918
4,1.04,141.60000000000002,0.36623299524714603
4,1.04,185.85000000000002,0.4079152347225329
4,1.04,230.1,0.42947816469235744
4,1.04,274.35,0.42947816469235744
4,1.04,318.6,0.42947816469235744
4,1.04,362.85,0.4294781646923574
4,1.04,407.1,0.42947816469235744
4,1.04,451.35,0.42947816469235744
4,1.04,495.6,0.42947816469235756
4,1.04,539.8500000000001,0.42947816469235756
4,1.04,584.1,0.42947816469235756
4,1.04,628.35,0.42947816469235744
4,1.04,672.6,0.42947816469235744
4,1.04,716.85,0.42947816469235744
4,1.04,761.1000000000001,0.42947816469235756
4,1.04,805.35,0.42947816469235756
4,1.04,849.6,0.42947816469235744
4,1.04,symmetric,0.5736981800518626
4,1.2400000000000002,8.85,0.5869097493023061
4,1.2400000000000002,53.1,0.5268052917223541
4,1.2400000000000002,97.35,0.3660997321383811
4,1.2400000000000002,141.60000000000002,0.4079152347225329
4,1.2400000000000002,185.85000000000002,0.42947816469235744
4,1.2400000000000002,230.1,0.42947816469235744
4,1.2400000000000002,274.35,0.4294781646923574
4,1.2400000000000002,318.6,0.42947816469235744
4,1.2400000000000002,362.85,0.42947816469235744
4,1.2400000000000002,407.1,0.42947816469235756
4,1.2400000000000002,451.35,0.42947816469235744
4,1.2400000000000002,495.6,0.42947816469235744
4,1.2400000000000002,539.8500000000001,0.42947816469235744
4,1.2400000000000002,584.1,0.42947816469235756
4,1.2400000000000002,628.35,0.42947816469235756
4,1.2400000000000002,672.6,0.42947816469235744
4,1.2400000000000002,716.85,0.42947816469235744
4,1.2400000000000002,761.1000000000001,0.42947816469235744
4,1.2400000000000002,805.35,0.42947816469235744
4,1.2400000000000002,849.6,0.42947816469235744
4,1.2400000000000002,symmetric,0.5594255527379988
4,1.4400000000000002,8.85,0.5790397250522838
4,1.4400000000000002,53.1,0.49337691694414254
4,1.4400000000000002,97.35,0.39430342354772724
4,1.4400000000000002,141.60000000000002,0.42947816469235744
4,1.4400000000000002,185.85000000000002,0.42947816469235744
4,1.4400000000000002,230.1,0.42947816469235744
4,1.4400000000000002,274.35,0.42947816469235744
4,1.4400000000000002,318.6,0.42947816469235744
4,1.4400000000000002,362.85,0.42947816469235756
4,1.4400000000000002,407.1,0.42947816469235744
4,1.4400000000000002,451.35,0.42947816469235744
4,1.4400000000000002,495.6,0.42947816469235756
4,1.4400000000000002,539.8500000000001,0.42947816469235744
4,1.4400000000000002,584.1,0.42947816469235756
4,1.4400000000000002,628.35,0.42947816469235756
4,1.4400000000000002,672.6,0.42947816469235756
4,1.4400000000000002,716.85,0.42947816469235756
4,1.4400000000000002,761.1000000000001,0.42947816469235744
4,1.4400000000000002,805.35,0.42947816469235744
4,1.4400000000000002,849.6,0.42947816469235744
4,1.4400000000000002,symmetric,0.564599504432702
4,1.6400000000000001,8.85,0.5888660889077347
4,1.6400000000000001,53.1,0.3768698767083475
4,1.6400000000000001,97.35,0.42947816469235744
4,1.6400000000000001,141.60000000000002,0.42947816469235744
4,1.6400000000000001,185.85000000000002,0.42947816469235744
4,1.6400000000000001,230.1,0.4294781646923574
4,1.6400000000000001,274.35,0.42947816469235744
4,1.6400000000000001,318.6,0.42947816469235756
4,1.6400000000000001,362.85,0.42947816469235744
4,1.6400000000000001,407.1,0.42947816469235756
4,1.6400000000000001,451.35,0.42947816469235756
4,1.6400000000000001,495.6,0.42947816469235756
4,1.6400000000000001,539.8500000000001,0.42947816469235744
4,1.6400000000000001,584.1,0.42947816469235756
4,1.6400000000000001,628.35,0.42947816469235744
4,1.6400000000000001,672.6,0.42947816469235744
4,1.6400000000000001,716.85,0.42947816469235756
4,1.6400000000000001,761.1000000000001,0.42947816469235744
4,1.6400000000000001,805.35,0.42947816469235744
4,1.6400000000000001,849.6,0.42947816469235756
4,1.6400000000000001,symmetric,0.5640518185457419
4,1.84,8.85,0.5703090598984579
4,1.84,53.1,0.37019283496714783
4,1.84,97.35,0.42947816469235744
4,1.84,141.60000000000002,0.42947816469235733
4,1.84,185.85000000000002,0.4294781646923574
4,1.84,230.1,0.42947816469235744
4,1.84,274.35,0.42947816469235744
4,1.84,318.6,0.42947816469235744
4,1.84,362.85,0.42947816469235756
4,1.84,407.1,0.42947816469235756
4,1.84,451.35,0.42947816469235756
4,1.84,495.6,0.42947816469235756
4,1.84,539.8500000000001,0.42947816469235756
4,1.84,584.1,0.42947816469235744
4,1.84,628.35,0.42947816469235756
4,1.84,672.6,0.42947816469235756
4,1.84,716.85,0.42947816469235744
4,1.84,761.1000000000001,0.42947816469235744
4,1.84,805.35,0.42947816469235756
4,1.84,849.6,0.42947816469235756
4,1.84,symmetric,0.5716116090084485
4,2.04,8.85,0.5616254634054937
4,2.04,53.1,0.4112770823251466
4,2.04,97.35,0.42947816469235744
4,2.04,141.60000000000002,0.42947816469235744
4,2.04,185.85000000000002,0.42947816469235744
4,2.04,230.1,0.42947816469235744
4,2.04,274.35,0.42947816469235744
4,2.04,318.6,0.42947816469235744
4,2.04,362.85,0.42947816469235744
4,2.04,407.1,0.42947816469235744
4,2.04,451.35,0.42947816469235744
4,2.04,495.6,0.42947816469235744
4,2.04,539.8500000000001,0.42947816469235756
4,2.04,584.1,0.42947816469235744
4,2.04,628.35,0.42947816469235756
4,2.04,672.6,0.42947816469235756
4,2.04,716.85,0.42947816469235744
4,2.04,761.1000000000001,0.42947816469235756
4,2.04,805.35,0.42947816469235756
4,2.04,849.6,0.42947816469235756
4,2.04,symmetric,0.5537404679248606
4,2.24,8.85,0.5246294337655968
4,2.24,53.1,0.42232203064294593
4,2.24,97.35,0.42947816469235744
4,2.24,141.60000000000002,0.42947816469235744
4,2.24,185.85000000000002,0.42947816469235744
4,2.24,230.1,0.42947816469235744
4,2.24,274.35,0.42947816469235756
4,2.24,318.6,0.42947816469235756
4,2.24,362.85,0.42947816469235744
4,2.24,407.1,0.42947816469235744
4,2.24,451.35,0.42947816469235756
4,2.24,495.6,0.42947816469235756
4,2.24,539.8500000000001,0.42947816469235756
4,2.24,584.1,0.42947816469235756
4,2.24,628.35,0.42947816469235744
4,2.24,672.6,0.42947816469235756
4,2.24,716.85,0.42947816469235744
4,2.24,761.1000000000001,0.42947816469235756
4,2.24,805.35,0.42947816469235756
4,2.24,849.6,0.42947816469235756
4,2.24,symmetric,0.5694416070923003
4,2.4400000000000004,8.85,0.48997383384544907
4,2.4400000000000004,53.1,0.42947816469235744
4,2.4400000000000004,97.35,0.42947816469235744
4,2.4400000000000004,141.60000000000002,0.42947816469235756
4,2.4400000000000004,185.85000000000002,0.42947816469235744
4,2.4400000000000004,230.1,0.42947816469235744
4,2.4400000000000004,274.35,0.42947816469235756
4,2.4400000000000004,318.6,0.42947816469235744
4,2.4400000000000004,362.85,0.42947816469235756
4,2.4400000000000004,407.1,0.42947816469235756
4,2.4400000000000004,451.35,0.42947816469235756
4,2.4400000000000004,495.6,0.42947816469235756
4,2.4400000000000004,539.8500000000001,0.42947816469235756
4,2.4400000000000004,584.1,0.42947816469235756
4,2.4400000000000004,628.35,0.42947816469235756
4,2.4400000000000004,672.6,0.42947816469235756
4,2.4400000000000004,716.85,0.42947816469235744
4,2.4400000000000004,761.1000000000001,0.42947816469235756
4,2.4400000000000004,805.35,0.42947816469235756
4,2.4400000000000004,849.6,0.42947816469235756
4,2.4400000000000004,symmetric,0.5685303904510401
4,2.64,8.85,0.48193292493300277
4,2.64,53.1,0.42947816469235744
4,2.64,97.35,0.42947816469235744
4,2.64,141.60000000000002,0.42947816469235744
4,2.64,185.85000000000002,0.42947816469235744
4,2.64,230.1,0.42947816469235756
4,2.64,274.35,0.42947816469235756
4,2.64,318.6,0.42947816469235744
4,2.64,362.85,0.42947816469235756
4,2.64,407.1,0.42947816469235756
4,2.64,451.35,0.42947816469235756
4,2.64,495.6,0.42947816469235756
4,2.64,539.8500000000001,0.42947816469235744
4,2.64,584.1,0.42947816469235756
4,2.64,628.35,0.42947816469235756
4,2.64,672.6,0.42947816469235756
4,2.64,716.85,0.42947816469235744
4,2.64,761.1000000000001,0.42947816469235756
4,2.64,805.35,0.42947816469235756
4,2.64,849.6,0.42947816469235756
4,2.64,symmetric,0.5567620723147935
4,2.8400000000000003,8.85,0.46624135127313643
4,2.8400000000000003,53.1,0.4294781646923574
4,2.8400000000000003,97.35,0.42947816469235744
4,2.8400000000000003,141.60000000000002,0.42947816469235744
4,2.8400000000000003,185.85000000000002,0.42947816469235756
4,2.8400000000000003,230.1,0.42947816469235744
4,2.8400000000000003,274.35,0.42947816469235756
4,2.8400000000000003,318.6,0.42947816469235744
4,2.8400000000000003,362.85,0.42947816469235744
4,2.8400000000000003,407.1,0.42947816469235744
4,2.8400000000000003,451.35,0.42947816469235756
4,2.8400000000000003,495.6,0.42947816469235756
4,2.8400000000000003,539.8500000000001,0.42947816469235756
4,2.8400000000000003,584.1,0.42947816469235756
4,2.8400000000000003,628.35,0.42947816469235756
4,2.8400000000000003,672.6,0.42947816469235744
4,2.8400000000000003,716.85,0.42947816469235756
4,2.8400000000000003,761.1000000000001,0.42947816469235756
4,2.8400000000000003,805.35,0.42947816469235744
4,2.8400000000000003,849.6,0.42947816469235744
4,2.8400000000000003,symmetric,0.5690660457413375
4,3.04,8.85,0.40800631783284025
4,3.04,53.1,0.42947816469235733
4,3.04,97.35,0.42947816469235756
4,3.04,141.60000000000002,0.42947816469235744
4,3.04,185.85000000000002,0.42947816469235756
4,3.04,230.1,0.42947816469235744
4,3.04,274.35,0.42947816469235756
4,3.04,318.6,0.42947816469235756
4,3.04,362.85,0.42947816469235744
4,3.04,407.1,0.42947816469235744
4,3.04,451.35,0.42947816469235756
4,3.04,495.6,0.42947816469235756
4,3.04,539.8500000000001,0.42947816469235756
4,3.04,584.1,0.42947816469235756
4,3.04,628.35,0.42947816469235756
4,3.04,672.6,0.42947816469235756
4,3.04,716.85,0.42947816469235756
4,3.04,761.1000000000001,0.42947816469235756
4,3.04,805.35,0.42947816469235756
4,3.04,849.6,0.42947816469235744
4,3.04,symmetric,0.5495568052079649
4,3.24,8.85,0.4029081530277049
4,3.24,53.1,0.42947816469235744
4,3.24,97.35,0.42947816469235756
4,3.24,141.60000000000002,0.42947816469235756
4,3.24,185.85000000000002,0.42947816469235744
4,3.24,230.1,0.42947816469235756
4,3.24,274.35,0.42947816469235744
4,3.24,318.6,0.42947816469235756
4,3.24,362.85,0.42947816469235756
4,3.24,407.1,0.42947816469235756
4,3.24,451.35,0.42947816469235756
4,3.24,495.6,0.42947816469235744
4,3.24,539.8500000000001,0.42947816469235756
4,3.24,584.1,0.42947816469235756
4,3.24,628.35,0.42947816469235756
4,3.24,672.6,0.42947816469235744
4,3.24,716.85,0.42947816469235756
4,3.24,761.1000000000001,0.42947816469235756
4,3.24,805.35,0.42947816469235756
4,3.24,849.6,0.42947816469235744
4,3.24,symmetric,0.5495568052079649
4,3.4400000000000004,8.85,0.38582825183731795
4,3.4400000000000004,53.1,0.42947816469235744
4,3.4400000000000004,97.35,0.42947816469235756
4,3.4400000000000004,141.60000000000002,0.42947816469235744
4,3.4400000000000004,185.85000000000002,0.42947816469235744
4,3.4400000000000004,230.1,0.42947816469235756
4,3.4400000000000004,274.35,0.42947816469235744
4,3.4400000000000004,318.6,0.42947816469235756
4,3.4400000000000004,362.85,0.42947816469235756
4,3.4400000000000004,407.1,0.42947816469235756
4,3.4400000000000004,451.35,0.42947816469235756
4,3.4400000000000004,495.6,0.42947816469235756
4,3.4400000000000004,539.8500000000001,0.42947816469235756
4,3.4400000000000004,584.1,0.42947816469235756
4,3.4400000000000004,628.35,0.42947816469235744
4,3.4400000000000004,672.6,0.42947816469235756
4,3.4400000000000004,716.85,0.42947816469235756
4,3.4400000000000004,761.1000000000001,0.42947816469235756
4,3.4400000000000004,805.35,0.42947816469235744
4,3.4400000000000004,849.6,0.42947816469235756
4,3.4400000000000004,symmetric,0.5295192515443219
4,3.64,8.85,0.3848846519961712
4,3.64,53.1,0.42947816469235744
4,3.64,97.35,0.42947816469235756
4,3.64,141.60000000000002,0.42947816469235756
4,3.64,185.85000000000002,0.42947816469235756
4,3.64,230.1,0.42947816469235744
4,3.64,274.35,0.42947816469235744
4,3.64,318.6,0.42947816469235744
4,3.64,362.85,0.42947816469235744
4,3.64,407.1,0.42947816469235756
4,3.64,451.35,0.42947816469235744
4,3.64,495.6,0.42947816469235756
4,3.64,539.8500000000001,0.42947816469235756
4,3.64,584.1,0.42947816469235756
4,3.64,628.35,0.42947816469235756
4,3.64,672.6,0.42947816469235756
4,3.64,716.85,0.42947816469235756
4,3.64,761.1000000000001,0.42947816469235756
4,3.64,805.35,0.42947816469235756
4,3.64,849.6,0.42947816469235756
4,3.64,symmetric,0.5227194774067687
4,3.8400000000000003,8.85,0.3835230022890008
4,3.8400000000000003,53.1,0.42947816469235744
4,3.8400000000000003,97.35,0.42947816469235756
4,3.8400000000000003,141.60000000000002,0.42947816469235744
4,3.8400000000000003,185.85000000000002,0.42947816469235756
4,3.8400000000000003,230.1,0.42947816469235744
4,3.8400000000000003,274.35,0.42947816469235756
4,3.8400000000000003,318.6,0.42947816469235756
4,3.8400000000000003,362.85,0.42947816469235756
4,3.8400000000000003,407.1,0.42947816469235756
4,3.8400000000000003,451.35,0.42947816469235744
4,3.8400000000000003,495.6,0.42947816469235744
4,3.8400000000000003,539.8500000000001,0.42947816469235744
4,3.8400000000000003,584.1,0.42947816469235744
4,3.8400000000000003,628.35,0.42947816469235756
4,3.8400000000000003,672.6,0.42947816469235756
4,3.8400000000000003,716.85,0.42947816469235756
4,3.8400000000000003,761.1000000000001,0.42947816469235744
4,3.8400000000000003,805.35,0.42947816469235756
4,3.8400000000000003,849.6,0.42947816469235744
4,3.8400000000000003,symmetric,0.5101412729585274
4,symmetric,8.85,0.6116839334918522
4,symmetric,53.1,0.5977150072233554
4,symmetric,97.35,0.5794385985872993
4,symmetric,141.60000000000002,0.5360560324306254
4,symmetric,185.85000000000002,0.4868362063218522
4,symmetric,230.1,0.5253820893739671
4,symmetric,274.35,0.544413214820836
4,symmetric,318.6,0.5616569508472253
4,symmetric,362.85,0.5639495276334534
4,symmetric,407.1,0.5787104324131983
4,symmetric,451.35,0.5979322568233869
4,symmetric,495.6,0.6159600359533569
4,symmetric,539.8500000000001,0.6216178192677081
4,symmetric,584.1,0.6068449226956185
4,symmetric,628.35,0.6190704337077175
4,symmetric,672.6,0.6326886512859278
4,symmetric,716.85,0.6464156915563743
4,symmetric,761.1000000000001,0.6464156915563745
4,symmetric,805.35,0.6432204256885381
4,symmetric,849.6,0.6432094212205696
4,symmetric,symmetric,0.5793582915774214
4,asymmetric,8.85,0.5468541304819965
4,asymmetric,53.1,0.5271573955836726
4,asymmetric,97.35,0.4626041807421424
4,asymmetric,141.60000000000002,0.37677271458668266
4,asymmetric,185.85000000000002,0.3709135021610635
4,asymmetric,230.1,0.3777123098112647
4,asymmetric,274.35,0.38484902051349984
4,asymmetric,318.6,0.3812628203599039
4,asymmetric,362.85,0.3936398653270685
4,asymmetric,407.1,0.38539592282523044
4,asymmetric,451.35,0.390144971455552
4,asymmetric,495.6,0.38133076642678615
4,asymmetric,539.8500000000001,0.3928483163397525
4,asymmetric,584.1,0.3677125731016507
4,asymmetric,628.35,0.3736090545692572
4,asymmetric,672.6,0.3598498402749195
4,asymmetric,716.85,0.341141186120149
4,asymmetric,761.1000000000001,0.32899684041416766
4,asymmetric,805.35,0.3356567797444477
4,asymmetric,849.6,0.31674017952575356
4,asymmetric,symmetric,0.6454452815366934
5,0.05,8.85,0.5432917242032486
5,0.05,53.1,0.3835330020602138
5,0.05,97.35,0.37133456296672307
5,0.05,141.60000000000002,0.30789288922456537
5,0.05,185.85000000000002,0.30608625315447086
5,0.05,230.1,0.31275891601611494
5,0.05,274.35,0.3348692621625507
5,0.05,318.6,0.3354441771796503
5,0.05,362.85,0.3472738196430364
5,0.05,407.1,0.3687915410538858
5,0.05,451.35,0.38091136991399777
5,0.05,495.6,0.39315798021699566
5,0.05,539.8500000000001,0.4065988523166868
5,0.05,584.1,0.42405419269214323
5,0.05,628.35,0.42514336530835706
5,0.05,672.6,0.44934913846828567
5,0.05,716.85,0.4531279179213197
5,0.05,761.1000000000001,0.4630562614392632
5,0.05,805.35,0.46989732685247765
5,0.05,849.6,0.48446782083217405
5,0.05,symmetric,0.5307260549248117
5,0.30000000000000004,8.85,0.5976957859125527
5,0.30000000000000004,53.1,0.5104693132392463
5,0.30000000000000004,97.35,0.5228562227898675
5,0.30000000000000004,141.60000000000002,0.4086427042352234
5,0.30000000000000004,185.85000000000002,0.43196339504572023
5,0.30000000000000004,230.1,0.4587620352184237
5,0.30000000000000004,274.35,0.4693522029055302
5,0.30000000000000004,318.6,0.49979115874998303
5,0.30000000000000004,362.85,0.5032198059331673
5,0.30000000000000004,407.1,0.5109623837803126
5,0.30000000000000004,451.35,0.5217279060886556
5,0.30000000000000004,495.6,0.5132080304586092
5,0.30000000000000004,539.8500000000001,0.5243314736038969
5,0.30000000000000004,584.1,0.5368308852377501
5,0.30000000000000004,628.35,0.5506023199287494
5,0.30000000000000004,672.6,0.5570915170557017
5,0.30000000000000004,716.85,0.5829016028054085
5,0.30000000000000004,761.1000000000001,0.5993394255707962
5,0.30000000000000004,805.35,0.6106414856237491
5,0.30000000000000004,849.6,0.6306023372253164
5,0.30000000000000004,symmetric,0.5399696415418411
5,0.55,8.85,0.6441025431136082
5,0.55,53.1,0.5133750661767401
5,0.55,97.35,0.4185914342584578
5,0.55,141.60000000000002,0.30576339590632884
5,0.55,185.85000000000002,0.3118513496694256
5,0.55,230.1,0.36775458263692806
5,0.55,274.35,0.4633669847212559
5,0.55,318.6,0.5522883808489902
5,0.55,362.85,0.5650434188087445
5,0.55,407.1,0.5083644318459027
5,0.55,451.35,0.4653828365153059
5,0.55,495.6,0.3681242712373981
5,0.55,539.8500000000001,0.30364192500279624
5,0.55,584.1,0.30364192500279624
5,0.55,628.35,0.3468419167083816
5,0.55,672.6,0.37304092517630083
5,0.55,716.85,0.3851450057064196
5,0.55,761.1000000000001,0.4092960977780481
5,0.55,805.35,0.4158721981168516
5,0.55,849.6,0.4294781646923574
5,0.55,symmetric,0.5372781870319127
5,0.8000000000000002,8.85,0.6483772330572914
5,0.8000000000000002,53.1,0.5731642691282623
5,0.8000000000000002,97.35,0.4835805243975232
5,0.8000000000000002,141.60000000000002,0.5049533873838303
5,0.8000000000000002,185.85000000000002,0.42091120310787106
5,0.8000000000000002,230.1,0.41882525903514417
5,0.8000000000000002,274.35,0.42947816469235744
5,0.8000000000000002,318.6,0.42947816469235744
5,0.8000000000000002,362.85,0.42947816469235744
5,0.8000000000000002,407.1,0.4294781646923574
5,0.8000000000000002,451.35,0.42947816469235744
5,0.8000000000000002,495.6,0.42947816469235744
5,0.8000000000000002,539.8500000000001,0.4294781646923574
5,0.8000000000000002,584.1,0.4294781646923574
5,0.8000000000000002,628.35,0.42947816469235744
5,0.8000000000000002,672.6,0.42947816469235744
5,0.8000000000000002,716.85,0.42947816469235744
5,0.8000000000000002,761.1000000000001,0.42947816469235756
5,0.8000000000000002,805.35,0.42947816469235744
5,0.8000000000000002,849.6,0.42947816469235744
5,0.8000000000000002,symmetric,0.5416914716547622
5,1.05,8.85,0.6405081242150017
5,1.05,53.1,0.5387371989585878
5,1.05,97.35,0.37525502729619226
5,1.05,141.60000000000002,0.4163550710775996
5,1.05,185.85000000000002,0.42947816469235744
5,1.05,230.1,0.42947816469235744
5,1.05,274.35,0.4294781646923574
5,1.05,318.6,0.4294781646923574
5,1.05,362.85,0.42947816469235744
5,1.05,407.1,0.42947816469235744
5,1.05,451.35,0.42947816469235744
5,1.05,495.6,0.42947816469235744
5,1.05,539.8500000000001,0.42947816469235744
5,1.05,584.1,0.42947816469235744
5,1.05,628.35,0.42947816469235744
5,1.05,672.6,0.42947816469235744
5,1.05,716.85,0.42947816469235744
5,1.05,761.1000000000001,0.42947816469235744
5,1.05,805.35,0.42947816469235744
5,1.05,849.6,0.42947816469235744
5,1.05,symmetric,0.5298640925414363
5,1.3,8.85,0.6170049498585153
5,1.3,53.1,0.370072004767877
5,1.3,97.35,0.42947816469235744
5,1.3,141.60000000000002,0.42947816469235744
5,1.3,185.85000000000002,0.4294781646923574
5,1.3,230.1,0.42947816469235744
5,1.3,274.35,0.42947816469235744
5,1.3,318.6,0.42947816469235744
5,1.3,362.85,0.42947816469235744
5,1.3,407.1,0.42947816469235744
5,1.3,451.35,0.42947816469235744
5,1.3,495.6,0.42947816469235744
5,1.3,539.8500000000001,0.42947816469235744
5,1.3,584.1,0.42947816469235744
5,1.3,628.35,0.42947816469235744
5,1.3,672.6,0.42947816469235744
5,1.3,716.85,0.42947816469235744
5,1.3,761.1000000000001,0.42947816469235744
5,1.3,805.35,0.42947816469235744
5,1.3,849.6,0.42947816469235744
5,1.3,symmetric,0.5441974526452423
5,1.5500000000000003,8.85,0.584163291753209
5,1.5500000000000003,53.1,0.40212186651532145
5,1.5500000000000003,97.35,0.42947816469235744
5,1.5500000000000003,141.60000000000002,0.42947816469235744
5,1.5500000000000003,185.85000000000002,0.42947816469235744
5,1.5500000000000003,230.1,0.42947816469235744
5,1.5500000000000003,274.35,0.42947816469235744
5,1.5500000000000003,318.6,0.42947816469235744
5,1.5500000000000003,362.85,0.42947816469235744
5,1.5500000000000003,407.1,0.42947816469235744
5,1.5500000000000003,451.35,0.42947816469235744
5,1.5500000000000003,495.6,0.42947816469235744
5,1.5500000000000003,539.8500000000001,0.42947816469235744
5,1.5500000000000003,584.1,0.42947816469235744
5,1.5500000000000003,628.35,0.42947816469235744
5,1.5500000000000003,672.6,0.42947816469235744
5,1.5500000000000003,716.85,0.42947816469235744
5,1.5500000000000003,761.1000000000001,0.42947816469235744
5,1.5500000000000003,805.35,0.42947816469235744
5,1.5500000000000003,849.6,0.42947816469235744
5,1.5500000000000003,symmetric,0.5375903185672486
5,1.8000000000000003,8.85,0.5025385334703191
5,1.8000000000000003,53.1,0.4294781646923574
5,1.8000000000000003,97.35,0.42947816469235744
5,1.8000000000000003,141.60000000000002,0.42947816469235744
5,1.8000000000000003,185.85000000000002,0.42947816469235744
5,1.8000000000000003,230.1,0.42947816469235744
5,1.8000000000000003,274.35,0.42947816469235744
5,1.8000000000000003,318.6,0.42947816469235744
5,1.8000000000000003,362.85,0.42947816469235744
5,1.8000000000000003,407.1,0.42947816469235744
5,1.8000000000000003,451.35,0.42947816469235744
5,1.8000000000000003,495.6,0.42947816469235744
5,1.8000000000000003,539.8500000000001,0.42947816469235744
5,1.8000000000000003,584.1,0.42947816469235744
5,1.8000000000000003,628.35,0.42947816469235744
5,1.8000000000000003,672.6,0.42947816469235744
5,1.8000000000000003,716.85,0.42947816469235744
5,1.8000000000000003,761.1000000000001,0.42947816469235744
5,1.8000000000000003,805.35,0.42947816469235756
5,1.8000000000000003,849.6,0.42947816469235744
5,1.8000000000000003,symmetric,0.548729121033145
5,2.0500000000000003,8.85,0.48521993068145813
5,2.0500000000000003,53.1,0.42947816469235744
5,2.0500000000000003,97.35,0.42947816469235744
5,2.0500000000000003,141.60000000000002,0.42947816469235744
5,2.0500000000000003,185.85000000000002,0.42947816469235744
5,2.0500000000000003,230.1,0.42947816469235744
5,2.0500000000000003,274.35,0.42947816469235744
5,2.0500000000000003,318.6,0.42947816469235744
5,2.0500000000000003,362.85,0.42947816469235744
5,2.0500000000000003,407.1,0.42947816469235744
5,2.0500000000000003,451.35,0.42947816469235744
5,2.0500000000000003,495.6,0.42947816469235744
5,2.0500000000000003,539.8500000000001,0.42947816469235744
5,2.0500000000000003,584.1,0.42947816469235744
5,2.0500000000000003,628.35,0.42947816469235744
5,2.0500000000000003,672.6,0.42947816469235744
5,2.0500000000000003,716.85,0.42947816469235756
5,2.0500000000000003,761.1000000000001,0.42947816469235744
5,2.0500000000000003,805.35,0.42947816469235744
5,2.0500000000000003,849.6,0.42947816469235744
5,2.0500000000000003,symmetric,0.5437666677805472
5,2.3000000000000003,8.85,0.44494042980695897
5,2.3000000000000003,53.1,0.42947816469235744
5,2.3000000000000003,97.35,0.42947816469235744
5,2.3000000000000003,141.60000000000002,0.42947816469235744
5,2.3000000000000003,185.85000000000002,0.42947816469235744
5,2.3000000000000003,230.1,0.42947816469235744
5,2.3000000000000003,274.35,0.42947816469235744
5,2.3000000000000003,318.6,0.42947816469235744
5,2.3000000000000003,362.85,0.42947816469235744
5,2.3000000000000003,407.1,0.42947816469235744
5,2.3000000000000003,451.35,0.42947816469235744
5,2.3000000000000003,495.6,0.42947816469235744
5,2.3000000000000003,539.8500000000001,0.42947816469235744
5,2.3000000000000003,584.1,0.42947816469235744
5,2.3000000000000003,628.35,0.42947816469235744
5,2.3000000000000003,672.6,0.42947816469235744
5,2.3000000000000003,716.85,0.42947816469235744
5,2.3000000000000003,761.1000000000001,0.42947816469235744
5,2.3000000000000003,805.35,0.42947816469235744
5,2.3000000000000003,849.6,0.42947816469235744
5,2.3000000000000003,symmetric,0.5446824992134258
5,2.55,8.85,0.36408947994649027
5,2.55,53.1,0.42947816469235744
5,2.55,97.35,0.42947816469235744
5,2.55,141.60000000000002,0.42947816469235744
5,2.55,185.85000000000002,0.42947816469235744
5,2.55,230.1,0.42947816469235744
5,2.55,274.35,0.42947816469235744
5,2.55,318.6,0.42947816469235744
5,2.55,362.85,0.42947816469235744
5,2.55,407.1,0.42947816469235744
5,2.55,451.35,0.42947816469235744
5,2.55,495.6,0.42947816469235744
5,2.55,539.8500000000001,0.42947816469235744
5,2.55,584.1,0.42947816469235744
5,2.55,628.35,0.42947816469235744
5,2.55,672.6,0.42947816469235744
5,2.55,716.85,0.42947816469235744
5,2.55,761.1000000000001,0.42947816469235744
5,2.55,805.35,0.42947816469235756
5,2.55,849.6,0.42947816469235744
5,2.55,symmetric,0.5451422220205098
5,2.8000000000000003,8.85,0.3473338362377416
5,2.8000000000000003,53.1,0.42947816469235744
5,2.8000000000000003,97.35,0.42947816469235744
5,2.8000000000000003,141.60000000000002,0.42947816469235756
5,2.8000000000000003,185.85000000000002,0.42947816469235744
5,2.8000000000000003,230.1,0.42947816469235744
5,2.8000000000000003,274.35,0.42947816469235744
5,2.8000000000000003,318.6,0.42947816469235744
5,2.8000000000000003,362.85,0.42947816469235744
5,2.8000000000000003,407.1,0.42947816469235744
5,2.8000000000000003,451.35,0.42947816469235744
5,2.8000000000000003,495.6,0.42947816469235744
5,2.8000000000000003,539.8500000000001,0.42947816469235744
5,2.8000000000000003,584.1,0.42947816469235744
5,2.8000000000000003,628.35,0.42947816469235756
5,2.8000000000000003,672.6,0.42947816469235744
5,2.8000000000000003,716.85,0.42947816469235744
5,2.8000000000000003,761.1000000000001,0.42947816469235744
5,2.8000000000000003,805.35,0.42947816469235744
5,2.8000000000000003,849.6,0.42947816469235744
5,2.8000000000000003,symmetric,0.5479902119531955
5,3.0500000000000007,8.85,0.4124586564042635
5,3.0500000000000007,53.1,0.42947816469235744
5,3.0500000000000007,97.35,0.42947816469235744
5,3.0500000000000007,141.60000000000002,0.42947816469235744
5,3.0500000000000007,185.85000000000002,0.42947816469235744
5,3.0500000000000007,230.1,0.42947816469235744
5,3.0500000000000007,274.35,0.42947816469235744
5,3.0500000000000007,318.6,0.42947816469235744
5,3.0500000000000007,362.85,0.42947816469235756
5,3.0500000000000007,407.1,0.42947816469235744
5,3.0500000000000007,451.35,0.42947816469235744
5,3.0500000000000007,495.6,0.42947816469235744
5,3.0500000000000007,539.8500000000001,0.42947816469235744
5,3.0500000000000007,584.1,0.42947816469235744
5,3.0500000000000007,628.35,0.42947816469235744
5,3.0500000000000007,672.6,0.42947816469235744
5,3.0500000000000007,716.85,0.42947816469235744
5,3.0500000000000007,761.1000000000001,0.42947816469235744
5,3.0500000000000007,805.35,0.42947816469235744
5,3.0500000000000007,849.6,0.42947816469235744
5,3.0500000000000007,symmetric,0.5394811363285245
5,3.3000000000000003,8.85,0.39665690952865384
5,3.3000000000000003,53.1,0.42947816469235744
5,3.3000000000000003,97.35,0.42947816469235744
5,3.3000000000000003,141.60000000000002,0.42947816469235744
5,3.3000000000000003,185.85000000000002,0.42947816469235744
5,3.3000000000000003,230.1,0.42947816469235744
5,3.3000000000000003,274.35,0.42947816469235744
5,3.3000000000000003,318.6,0.42947816469235744
5,3.3000000000000003,362.85,0.42947816469235744
5,3.3000000000000003,407.1,0.42947816469235744
5,3.3000000000000003,451.35,0.42947816469235744
5,3.3000000000000003,495.6,0.42947816469235744
5,3.3000000000000003,539.8500000000001,0.42947816469235744
5,3.3000000000000003,584.1,0.42947816469235744
5,3.3000000000000003,628.35,0.42947816469235744
5,3.3000000000000003,672.6,0.42947816469235744
5,3.3000000000000003,716.85,0.42947816469235744
5,3.3000000000000003,761.1000000000001,0.42947816469235744
5,3.3000000000000003,805.35,0.42947816469235744
5,3.3000000000000003,849.6,0.42947816469235744
5,3.3000000000000003,symmetric,0.5375084865591134
5,3.5500000000000003,8.85,0.4014195384223105
5,3.5500000000000003,53.1,0.42947816469235744
5,3.5500000000000003,97.35,0.42947816469235756
5,3.5500000000000003,141.60000000000002,0.42947816469235744
5,3.5500000000000003,185.85000000000002,0.42947816469235744
5,3.5500000000000003,230.1,0.42947816469235744
5,3.5500000000000003,274.35,0.42947816469235744
5,3.5500000000000003,318.6,0.42947816469235744
5,3.5500000000000003,362.85,0.42947816469235756
5,3.5500000000000003,407.1,0.42947816469235744
5,3.5500000000000003,451.35,0.42947816469235744
5,3.5500000000000003,495.6,0.42947816469235744
5,3.5500000000000003,539.8500000000001,0.42947816469235744
5,3.5500000000000003,584.1,0.42947816469235744
5,3.5500000000000003,628.35,0.42947816469235744
5,3.5500000000000003,672.6,0.42947816469235744
5,3.5500000000000003,716.85,0.42947816469235744
5,3.5500000000000003,761.1000000000001,0.42947816469235744
5,3.5500000000000003,805.35,0.42947816469235744
5,3.5500000000000003,849.6,0.42947816469235744
5,3.5500000000000003,symmetric,0.5399903355276905
5,3.8,8.85,0.4074119625626859
5,3.8,53.1,0.42947816469235744
5,3.8,97.35,0.42947816469235756
5,3.8,141.60000000000002,0.42947816469235744
5,3.8,185.85000000000002,0.42947816469235744
5,3.8,230.1,0.42947816469235744
5,3.8,274.35,0.42947816469235744
5,3.8,318.6,0.42947816469235744
5,3.8,362.85,0.42947816469235744
5,3.8,407.1,0.42947816469235744
5,3.8,451.35,0.42947816469235744
5,3.8,495.6,0.42947816469235744
5,3.8,539.8500000000001,0.42947816469235744
5,3.8,584.1,0.42947816469235744
5,3.8,628.35,0.42947816469235744
5,3.8,672.6,0.42947816469235744
5,3.8,716.85,0.42947816469235756
5,3.8,761.1000000000001,0.42947816469235744
5,3.8,805.35,0.42947816469235744
5,3.8,849.6,0.42947816469235756
5,3.8,symmetric,0.5085776028369517
5,4.050000000000001,8.85,0.413100351795615
5,4.050000000000001,53.1,0.42947816469235756
5,4.050000000000001,97.35,0.42947816469235756
5,4.050000000000001,141.60000000000002,0.42947816469235756
5,4.050000000000001,185.85000000000002,0.42947816469235756
5,4.050000000000001,230.1,0.42947816469235744
5,4.050000000000001,274.35,0.42947816469235744
5,4.050000000000001,318.6,0.42947816469235744
5,4.050000000000001,362.85,0.42947816469235744
5,4.050000000000001,407.1,0.42947816469235744
5,4.050000000000001,451.35,0.42947816469235744
5,4.050000000000001,495.6,0.42947816469235756
5,4.050000000000001,539.8500000000001,0.42947816469235744
5,4.050000000000001,584.1,0.42947816469235744
5,4.050000000000001,628.35,0.42947816469235744
5,4.050000000000001,672.6,0.42947816469235744
5,4.050000000000001,716.85,0.42947816469235744
5,4.050000000000001,761.1000000000001,0.42947816469235744
5,4.050000000000001,805.35,0.42947816469235744
5,4.050000000000001,849.6,0.42947816469235744
5,4.050000000000001,symmetric,0.5031048420420399
5,4.300000000000001,8.85,0.413100351795615
5,4.300000000000001,53.1,0.42947816469235756
5,4.300000000000001,97.35,0.42947816469235756
5,4.300000000000001,141.60000000000002,0.42947816469235756
5,4.300000000000001,185.85000000000002,0.42947816469235756
5,4.300000000000001,230.1,0.42947816469235744
5,4.300000000000001,274.35,0.42947816469235744
5,4.300000000000001,318.6,0.42947816469235744
5,4.300000000000001,362.85,0.42947816469235756
5,4.300000000000001,407.1,0.42947816469235744
5,4.300000000000001,451.35,0.42947816469235744
5,4.300000000000001,495.6,0.42947816469235744
5,4.300000000000001,539.8500000000001,0.42947816469235744
5,4.300000000000001,584.1,0.42947816469235744
5,4.300000000000001,628.35,0.42947816469235744
5,4.300000000000001,672.6,0.42947816469235756
5,4.300000000000001,716.85,0.42947816469235756
5,4.300000000000001,761.1000000000001,0.42947816469235744
5,4.300000000000001,805.35,0.42947816469235744
5,4.300000000000001,849.6,0.42947816469235744
5,4.300000000000001,symmetric,0.5097662270596957
5,4.55,8.85,0.413100351795615
5,4.55,53.1,0.42947816469235756
5,4.55,97.35,0.42947816469235756
5,4.55,141.60000000000002,0.42947816469235756
5,4.55,185.85000000000002,0.42947816469235756
5,4.55,230.1,0.42947816469235756
5,4.55,274.35,0.42947816469235756
5,4.55,318.6,0.42947816469235744
5,4.55,362.85,0.42947816469235744
5,4.55,407.1,0.42947816469235756
5,4.55,451.35,0.42947816469235744
5,4.55,495.6,0.42947816469235744
5,4.55,539.8500000000001,0.42947816469235756
5,4.55,584.1,0.42947816469235744
5,4.55,628.35,0.42947816469235744
5,4.55,672.6,0.42947816469235744
5,4.55,716.85,0.42947816469235744
5,4.55,761.1000000000001,0.42947816469235756
5,4.55,805.35,0.42947816469235744
5,4.55,849.6,0.42947816469235744
5,4.55,symmetric,0.4790132457094975
5,4.800000000000001,8.85,0.42375325745282827
5,4.800000000000001,53.1,0.42947816469235756
5,4.800000000000001,97.35,0.42947816469235756
5,4.800000000000001,141.60000000000002,0.42947816469235756
5,4.800000000000001,185.85000000000002,0.42947816469235756
5,4.800000000000001,230.1,0.42947816469235756
5,4.800000000000001,274.35,0.42947816469235756
5,4.800000000000001,318.6,0.42947816469235756
5,4.800000000000001,362.85,0.42947816469235756
5,4.800000000000001,407.1,0.42947816469235744
5,4.800000000000001,451.35,0.42947816469235744
5,4.800000000000001,495.6,0.42947816469235756
5,4.800000000000001,539.8500000000001,0.42947816469235744
5,4.800000000000001,584.1,0.42947816469235744
5,4.800000000000001,628.35,0.42947816469235756
5,4.800000000000001,672.6,0.42947816469235756
5,4.800000000000001,716.85,0.42947816469235756
5,4.800000000000001,761.1000000000001,0.42947816469235744
5,4.800000000000001,805.35,0.42947816469235756
5,4.800000000000001,849.6,0.42947816469235744
5,4.800000000000001,symmetric,0.45933966899998824
5,symmetric,8.85,0.5843344419290133
5,symmetric,53.1,0.5506309128696278
5,symmetric,97.35,0.43563623815629293
5,symmetric,141.60000000000002,0.36711908472998367
5,symmetric,185.85000000000002,0.410406914868343
5,symmetric,230.1,0.41023829764036057
5,symmetric,274.35,0.42337252622112975
5,symmetric,318.6,0.4696975132881637
5,symmetric,362.85,0.48465677364421633
5,symmetric,407.1,0.4898339667006816
5,symmetric,451.35,0.4929449884775492
5,symmetric,495.6,0.5000243085819761
5,symmetric,539.8500000000001,0.49991767717534996
5,symmetric,584.1,0.5088857937403453
5,symmetric,628.35,0.495739747813759
5,symmetric,672.6,0.49846533381592206
5,symmetric,716.85,0.49935292588528757
5,symmetric,761.1000000000001,0.5238931292076165
5,symmetric,805.35,0.5206176802273642
5,symmetric,849.6,0.5334158472040988
5,symmetric,symmetric,0.5399696415418411
5,asymmetric,8.85,0.5445502705285293
5,asymmetric,53.1,0.3680609176720668
5,asymmetric,97.35,0.36330866326068817
5,asymmetric,141.60000000000002,0.36315196384079185
5,asymmetric,185.85000000000002,0.3723589362814571
5,asymmetric,230.1,0.37034651709534633
5,asymmetric,274.35,0.3730113719242135
5,asymmetric,318.6,0.36547434582090377
5,asymmetric,362.85,0.3689059256960248
5,asymmetric,407.1,0.3629293333043299
5,asymmetric,451.35,0.3501098791845666
5,asymmetric,495.6,0.35309417252193465
5,asymmetric,539.8500000000001,0.36764596543167655
5,asymmetric,584.1,0.3675497897378863
5,asymmetric,628.35,0.37340899108440045
5,asymmetric,672.6,0.3429636148890775
5,asymmetric,716.85,0.34971726333706543
5,asymmetric,761.1000000000001,0.325513665910678
5,asymmetric,805.35,0.3229116363136931
5,asymmetric,849.6,0.28888126651828483
5,asymmetric,symmetric,0.595755058987345
6,0.06,8.85,0.5012701975155195
6,0.06,53.1,0.38077428190910956
6,0.06,97.35,0.3269911210947129
6,0.06,141.60000000000002,0.3175965917123866
6,0.06,185.85000000000002,0.31907372687316965
6,0.06,230.1,0.3281209536170761
6,0.06,274.35,0.3438070175576702
6,0.06,318.6,0.35420787148253186
6,0.06,362.85,0.35093384881929457
6,0.06,407.1,0.3787207503806082
6,0.06,451.35,0.3689804233255576
6,0.06,495.6,0.3942819410836342
6,0.06,539.8500000000001,0.3784240524927051
6,0.06,584.1,0.3784751197446679
6,0.06,628.35,0.3954912502940024
6,0.06,672.6,0.3970652888406733
6,0.06,716.85,0.4095924221946073
6,0.06,761.1000000000001,0.41237036030705315
6,0.06,805.35,0.4011570832325289
6,0.06,849.6,0.4238467894275375
6,0.06,symmetric,0.5485072101132765
6,0.36000000000000004,8.85,0.5446817438324182
6,0.36000000000000004,53.1,0.4643670009738284
6,0.36000000000000004,97.35,0.4575368312308603
6,0.36000000000000004,141.60000000000002,0.43947324466995613
6,0.36000000000000004,185.85000000000002,0.4657603972500037
6,0.36000000000000004,230.1,0.4393614196336911
6,0.36000000000000004,274.35,0.4802673573181225
6,0.36000000000000004,318.6,0.4941180837244708
6,0.36000000000000004,362.85,0.5207672047474702
6,0.36000000000000004,407.1,0.5408609486664241
6,0.36000000000000004,451.35,0.5382625179185095
6,0.36000000000000004,495.6,0.5486645149292363
6,0.36000000000000004,539.8500000000001,0.587725976109095
6,0.36000000000000004,584.1,0.6005052895199134
6,0.36000000000000004,628.35,0.6190301820024847
6,0.36000000000000004,672.6,0.6357449082775983
6,0.36000000000000004,716.85,0.6454656254559689
6,0.36000000000000004,761.1000000000001,0.6564607838366506
6,0.36000000000000004,805.35,0.6412436272668691
6,0.36000000000000004,849.6,0.6475706385435541
6,0.36000000000000004,symmetric,0.5610353476318447
6,0.66,8.85,0.5991210301263131
6,0.66,53.1,0.46328691965149993
6,0.66,97.35,0.47191806221366067
6,0.66,141.60000000000002,0.4629015126315735
6,0.66,185.85000000000002,0.40885817200826713
6,0.66,230.1,0.4294781646923575
6,0.66,274.35,0.4294781646923575
6,0.66,318.6,0.4294781646923574
6,0.66,362.85,0.4294781646923575
6,0.66,407.1,0.4294781646923575
6,0.66,451.35,0.4294781646923575
6,0.66,495.6,0.42947816469235756
6,0.66,539.8500000000001,0.4294781646923575
6,0.66,584.1,0.4294781646923575
6,0.66,628.35,0.4294781646923575
6,0.66,672.6,0.4294781646923575
6,0.66,716.85,0.4294781646923575
6,0.66,761.1000000000001,0.4294781646923575
6,0.66,805.35,0.4294781646923575
6,0.66,849.6,0.4294781646923575
6,0.66,symmetric,0.5446607357612531
6,0.9600000000000002,8.85,0.5621109280687073
6,0.9600000000000002,53.1,0.5178646244194357
6,0.9600000000000002,97.35,0.4016019037981227
6,0.9600000000000002,141.60000000000002,0.4294781646923575
6,0.9600000000000002,185.85000000000002,0.4294781646923575
6,0.9600000000000002,230.1,0.4294781646923575
6,0.9600000000000002,274.35,0.4294781646923575
6,0.9600000000000002,318.6,0.4294781646923575
6,0.9600000000000002,362.85,0.4294781646923575
6,0.9600000000000002,407.1,0.4294781646923575
6,0.9600000000000002,451.35,0.4294781646923575
6,0.9600000000000002,495.6,0.42947816469235756
6,0.9600000000000002,539.8500000000001,0.4294781646923575
6,0.9600000000000002,584.1,0.42947816469235756
6,0.9600000000000002,628.35,0.4294781646923575
6,0.9600000000000002,672.6,0.42947816469235756
6,0.9600000000000002,716.85,0.42947816469235756
6,0.9600000000000002,761.1000000000001,0.42947816469235756
6,0.9600000000000002,805.35,0.42947816469235756
6,0.9600000000000002,849.6,0.42947816469235756
6,0.9600000000000002,symmetric,0.5481981648243789
6,1.2600000000000002,8.85,0.5077685482752414
6,1.2600000000000002,53.1,0.3874274774910102
6,1.2600000000000002,97.35,0.4294781646923575
6,1.2600000000000002,141.60000000000002,0.4294781646923575
6,1.2600000000000002,185.85000000000002,0.4294781646923575
6,1.2600000000000002,230.1,0.4294781646923575
6,1.2600000000000002,274.35,0.4294781646923575
6,1.2600000000000002,318.6,0.42947816469235756
6,1.2600000000000002,362.85,0.42947816469235756
6,1.2600000000000002,407.1,0.42947816469235756
6,1.2600000000000002,451.35,0.42947816469235756
6,1.2600000000000002,495.6,0.42947816469235756
6,1.2600000000000002,539.8500000000001,0.42947816469235756
6,1.2600000000000002,584.1,0.42947816469235756
6,1.2600000000000002,628.35,0.42947816469235756
6,1.2600000000000002,672.6,0.42947816469235756
6,1.2600000000000002,716.85,0.42947816469235756
6,1.2600000000000002,761.1000000000001,0.4294781646923575
6,1.2600000000000002,805.35,0.42947816469235756
6,1.2600000000000002,849.6,0.42947816469235756
6,1.2600000000000002,symmetric,0.546141067847644
6,1.56,8.85,0.4945282771274711
6,1.56,53.1,0.4294781646923575
6,1.56,97.35,0.4294781646923575
6,1.56,141.60000000000002,0.4294781646923575
6,1.56,185.85000000000002,0.42947816469235756
6,1.56,230.1,0.42947816469235756
6,1.56,274.35,0.4294781646923575
6,1.56,318.6,0.42947816469235756
6,1.56,362.85,0.42947816469235756
6,1.56,407.1,0.42947816469235756
6,1.56,451.35,0.42947816469235756
6,1.56,495.6,0.42947816469235756
6,1.56,539.8500000000001,0.42947816469235756
6,1.56,584.1,0.42947816469235756
6,1.56,628.35,0.42947816469235756
6,1.56,672.6,0.42947816469235756
6,1.56,716.85,0.42947816469235756
6,1.56,761.1000000000001,0.42947816469235756
6,1.56,805.35,0.42947816469235756
6,1.56,849.6,0.42947816469235756
6,1.56,symmetric,0.5226126561472326
6,1.8600000000000003,8.85,0.46168086608471204
6,1.8600000000000003,53.1,0.4294781646923575
6,1.8600000000000003,97.35,0.4294781646923575
6,1.8600000000000003,141.60000000000002,0.42947816469235756
6,1.8600000000000003,185.85000000000002,0.42947816469235756
6,1.8600000000000003,230.1,0.42947816469235756
6,1.8600000000000003,274.35,0.42947816469235756
6,1.8600000000000003,318.6,0.42947816469235756
6,1.8600000000000003,362.85,0.42947816469235756
6,1.8600000000000003,407.1,0.42947816469235756
6,1.8600000000000003,451.35,0.42947816469235756
6,1.8600000000000003,495.6,0.42947816469235756
6,1.8600000000000003,539.8500000000001,0.42947816469235756
6,1.8600000000000003,584.1,0.42947816469235756
6,1.8600000000000003,628.35,0.42947816469235756
6,1.8600000000000003,672.6,0.42947816469235756
6,1.8600000000000003,716.85,0.42947816469235756
6,1.8600000000000003,761.1000000000001,0.42947816469235756
6,1.8600000000000003,805.35,0.42947816469235756
6,1.8600000000000003,849.6,0.42947816469235756
6,1.8600000000000003,symmetric,0.5148889612658819
6,2.16,8.85,0.3670521583553133
6,2.16,53.1,0.4294781646923575
6,2.16,97.35,0.42947816469235756
6,2.16,141.60000000000002,0.42947816469235756
6,2.16,185.85000000000002,0.42947816469235756
6,2.16,230.1,0.42947816469235756
6,2.16,274.35,0.42947816469235756
6,2.16,318.6,0.42947816469235756
6,2.16,362.85,0.42947816469235756
6,2.16,407.1,0.42947816469235756
6,2.16,451.35,0.42947816469235756
6,2.16,495.6,0.42947816469235756
6,2.16,539.8500000000001,0.42947816469235756
6,2.16,584.1,0.42947816469235756
6,2.16,628.35,0.42947816469235756
6,2.16,672.6,0.42947816469235756
6,2.16,716.85,0.42947816469235756
6,2.16,761.1000000000001,0.42947816469235756
6,2.16,805.35,0.42947816469235756
6,2.16,849.6,0.42947816469235756
6,2.16,symmetric,0.4736314799936218
6,2.46,8.85,0.37424506178795863
6,2.46,53.1,0.4294781646923575
6,2.46,97.35,0.42947816469235756
6,2.46,141.60000000000002,0.42947816469235756
6,2.46,185.85000000000002,0.42947816469235756
6,2.46,230.1,0.42947816469235756
6,2.46,274.35,0.42947816469235756
6,2.46,318.6,0.42947816469235756
6,2.46,362.85,0.42947816469235756
6,2.46,407.1,0.42947816469235756
6,2.46,451.35,0.42947816469235756
6,2.46,495.6,0.42947816469235756
6,2.46,539.8500000000001,0.42947816469235756
6,2.46,584.1,0.42947816469235756
6,2.46,628.35,0.42947816469235756
6,2.46,672.6,0.42947816469235756
6,2.46,716.85,0.42947816469235756
6,2.46,761.1000000000001,0.42947816469235756
6,2.46,805.35,0.42947816469235756
6,2.46,849.6,0.42947816469235756
6,2.46,symmetric,0.4748598995353015
6,2.7600000000000002,8.85,0.4098227110635724
6,2.7600000000000002,53.1,0.4294781646923575
6,2.7600000000000002,97.35,0.42947816469235756
6,2.7600000000000002,141.60000000000002,0.42947816469235756
6,2.7600000000000002,185.85000000000002,0.42947816469235756
6,2.7600000000000002,230.1,0.42947816469235756
6,2.7600000000000002,274.35,0.42947816469235756
6,2.7600000000000002,318.6,0.4294781646923575
6,2.7600000000000002,362.85,0.42947816469235756
6,2.7600000000000002,407.1,0.42947816469235756
6,2.7600000000000002,451.35,0.42947816469235756
6,2.7600000000000002,495.6,0.42947816469235756
6,2.7600000000000002,539.8500000000001,0.42947816469235756
6,2.7600000000000002,584.1,0.42947816469235756
6,2.7600000000000002,628.35,0.42947816469235756
6,2.7600000000000002,672.6,0.42947816469235756
6,2.7600000000000002,716.85,0.42947816469235756
6,2.7600000000000002,761.1000000000001,0.42947816469235756
6,2.7600000000000002,805.35,0.42947816469235756
6,2.7600000000000002,849.6,0.42947816469235756
6,2.7600000000000002,symmetric,0.47945059851233984
6,3.06,8.85,0.40252867849337587
6,3.06,53.1,0.4294781646923575
6,3.06,97.35,0.42947816469235756
6,3.06,141.60000000000002,0.42947816469235756
6,3.06,185.85000000000002,0.42947816469235756
6,3.06,230.1,0.42947816469235756
6,3.06,274.35,0.42947816469235756
6,3.06,318.6,0.42947816469235756
6,3.06,362.85,0.42947816469235756
6,3.06,407.1,0.42947816469235756
6,3.06,451.35,0.42947816469235756
6,3.06,495.6,0.42947816469235756
6,3.06,539.8500000000001,0.42947816469235756
6,3.06,584.1,0.42947816469235756
6,3.06,628.35,0.42947816469235756
6,3.06,672.6,0.42947816469235756
6,3.06,716.85,0.42947816469235756
6,3.06,761.1000000000001,0.42947816469235756
6,3.06,805.35,0.42947816469235756
6,3.06,849.6,0.42947816469235756
6,3.06,symmetric,0.4922822162383389
6,3.3600000000000003,8.85,0.4158299872784054
6,3.3600000000000003,53.1,0.42947816469235756
6,3.3600000000000003,97.35,0.42947816469235756
6,3.3600000000000003,141.60000000000002,0.42947816469235756
6,3.3600000000000003,185.85000000000002,0.42947816469235756
6,3.3600000000000003,230.1,0.42947816469235756
6,3.3600000000000003,274.35,0.42947816469235756
6,3.3600000000000003,318.6,0.42947816469235756
6,3.3600000000000003,362.85,0.42947816469235756
6,3.3600000000000003,407.1,0.42947816469235756
6,3.3600000000000003,451.35,0.42947816469235756
6,3.3600000000000003,495.6,0.42947816469235756
6,3.3600000000000003,539.8500000000001,0.42947816469235756
6,3.3600000000000003,584.1,0.42947816469235756
6,3.3600000000000003,628.35,0.42947816469235756
6,3.3600000000000003,672.6,0.42947816469235756
6,3.3600000000000003,716.85,0.42947816469235756
6,3.3600000000000003,761.1000000000001,0.42947816469235756
6,3.3600000000000003,805.35,0.42947816469235756
6,3.3600000000000003,849.6,0.42947816469235756
6,3.3600000000000003,symmetric,0.4823607806485535
6,3.6600000000000006,8.85,0.4158299872784054
6,3.6600000000000006,53.1,0.42947816469235756
6,3.6600000000000006,97.35,0.42947816469235756
6,3.6600000000000006,141.60000000000002,0.42947816469235756
6,3.6600000000000006,185.85000000000002,0.42947816469235756
6,3.6600000000000006,230.1,0.42947816469235756
6,3.6600000000000006,274.35,0.42947816469235756
6,3.6600000000000006,318.6,0.42947816469235756
6,3.6600000000000006,362.85,0.42947816469235756
6,3.6600000000000006,407.1,0.42947816469235756
6,3.6600000000000006,451.35,0.42947816469235756
6,3.6600000000000006,495.6,0.42947816469235756
6,3.6600000000000006,539.8500000000001,0.42947816469235756
6,3.6600000000000006,584.1,0.42947816469235756
6,3.6600000000000006,628.35,0.42947816469235756
6,3.6600000000000006,672.6,0.42947816469235756
6,3.6600000000000006,716.85,0.42947816469235756
6,3.6600000000000006,761.1000000000001,0.42947816469235756
6,3.6600000000000006,805.35,0.42947816469235756
6,3.6600000000000006,849.6,0.42947816469235756
6,3.6600000000000006,symmetric,0.493482470717687
6,3.96,8.85,0.4294781646923575
6,3.96,53.1,0.42947816469235756
6,3.96,97.35,0.42947816469235756
6,3.96,141.60000000000002,0.42947816469235756
6,3.96,185.85000000000002,0.42947816469235756
6,3.96,230.1,0.42947816469235756
6,3.96,274.35,0.42947816469235756
6,3.96,318.6,0.42947816469235756
6,3.96,362.85,0.42947816469235756
6,3.96,407.1,0.42947816469235756
6,3.96,451.35,0.42947816469235756
6,3.96,495.6,0.42947816469235756
6,3.96,539.8500000000001,0.42947816469235756
6,3.96,584.1,0.42947816469235756
6,3.96,628.35,0.42947816469235756
6,3.96,672.6,0.42947816469235756
6,3.96,716.85,0.42947816469235756
6,3.96,761.1000000000001,0.42947816469235756
6,3.96,805.35,0.42947816469235756
6,3.96,849.6,0.42947816469235756
6,3.96,symmetric,0.4719919818623734
6,4.260000000000001,8.85,0.4294781646923575
6,4.260000000000001,53.1,0.42947816469235756
6,4.260000000000001,97.35,0.42947816469235756
6,4.260000000000001,141.60000000000002,0.42947816469235756
6,4.260000000000001,185.85000000000002,0.42947816469235756
6,4.260000000000001,230.1,0.42947816469235756
6,4.260000000000001,274.35,0.42947816469235756
6,4.260000000000001,318.6,0.42947816469235756
6,4.260000000000001,362.85,0.42947816469235756
6,4.260000000000001,407.1,0.42947816469235756
6,4.260000000000001,451.35,0.42947816469235756
6,4.260000000000001,495.6,0.42947816469235756
6,4.260000000000001,539.8500000000001,0.42947816469235756
6,4.260000000000001,584.1,0.42947816469235756
6,4.260000000000001,628.35,0.42947816469235756
6,4.260000000000001,672.6,0.42947816469235756
6,4.260000000000001,716.85,0.42947816469235756
6,4.260000000000001,761.1000000000001,0.42947816469235756
6,4.260000000000001,805.35,0.42947816469235756
6,4.260000000000001,849.6,0.42947816469235756
6,4.260000000000001,symmetric,0.4382652535471104
6,4.5600000000000005,8.85,0.4294781646923575
6,4.5600000000000005,53.1,0.42947816469235756
6,4.5600000000000005,97.35,0.42947816469235756
6,4.5600000000000005,141.60000000000002,0.42947816469235756
6,4.5600000000000005,185.85000000000002,0.42947816469235756
6,4.5600000000000005,230.1,0.42947816469235756
6,4.5600000000000005,274.35,0.42947816469235756
6,4.5600000000000005,318.6,0.42947816469235756
6,4.5600000000000005,362.85,0.42947816469235756
6,4.5600000000000005,407.1,0.42947816469235756
6,4.5600000000000005,451.35,0.42947816469235756
6,4.5600000000000005,495.6,0.42947816469235756
6,4.5600000000000005,539.8500000000001,0.42947816469235756
6,4.5600000000000005,584.1,0.42947816469235756
6,4.5600000000000005,628.35,0.42947816469235756
6,4.5600000000000005,672.6,0.42947816469235756
6,4.5600000000000005,716.85,0.42947816469235756
6,4.5600000000000005,761.1000000000001,0.42947816469235756
6,4.5600000000000005,805.35,0.42947816469235756
6,4.5600000000000005,849.6,0.42947816469235756
6,4.5600000000000005,symmetric,0.36395457978207973
6,4.86,8.85,0.4294781646923575
6,4.86,53.1,0.42947816469235756
6,4.86,97.35,0.42947816469235756
6,4.86,141.60000000000002,0.42947816469235756
6,4.86,185.85000000000002,0.42947816469235756
6,4.86,230.1,0.42947816469235756
6,4.86,274.35,0.42947816469235756
6,4.86,318.6,0.42947816469235756
6,4.86,362.85,0.42947816469235756
6,4.86,407.1,0.42947816469235756
6,4.86,451.35,0.42947816469235756
6,4.86,495.6,0.42947816469235756
6,4.86,539.8500000000001,0.42947816469235756
6,4.86,584.1,0.42947816469235756
6,4.86,628.35,0.42947816469235756
6,4.86,672.6,0.42947816469235756
6,4.86,716.85,0.42947816469235756
6,4.86,761.1000000000001,0.42947816469235756
6,4.86,805.35,0.42947816469235756
6,4.86,849.6,0.42947816469235756
6,4.86,symmetric,0.3475384725746557
6,5.16,8.85,0.4294781646923574
6,5.16,53.1,0.42947816469235756
6,5.16,97.35,0.42947816469235756
6,5.16,141.60000000000002,0.42947816469235756
6,5.16,185.85000000000002,0.42947816469235756
6,5.16,230.1,0.42947816469235756
6,5.16,274.35,0.42947816469235756
6,5.16,318.6,0.42947816469235756
6,5.16,362.85,0.42947816469235756
6,5.16,407.1,0.42947816469235756
6,5.16,451.35,0.42947816469235756
6,5.16,495.6,0.42947816469235756
6,5.16,539.8500000000001,0.42947816469235756
6,5.16,584.1,0.42947816469235756
6,5.16,628.35,0.42947816469235756
6,5.16,672.6,0.42947816469235756
6,5.16,716.85,0.42947816469235756
6,5.16,761.1000000000001,0.42947816469235756
6,5.16,805.35,0.42947816469235756
6,5.16,849.6,0.42947816469235756
6,5.16,symmetric,0.32116782793453663
6,5.46,8.85,0.4294781646923575
6,5.46,53.1,0.42947816469235756
6,5.46,97.35,0.42947816469235756
6,5.46,141.60000000000002,0.42947816469235756
6,5.46,185.85000000000002,0.42947816469235756
6,5.46,230.1,0.42947816469235756
6,5.46,274.35,0.42947816469235756
6,5.46,318.6,0.42947816469235756
6,5.46,362.85,0.42947816469235756
6,5.46,407.1,0.42947816469235756
6,5.46,451.35,0.42947816469235756
6,5.46,495.6,0.42947816469235756
6,5.46,539.8500000000001,0.42947816469235756
6,5.46,584.1,0.42947816469235756
6,5.46,628.35,0.42947816469235756
6,5.46,672.6,0.42947816469235756
6,5.46,716.85,0.42947816469235756
6,5.46,761.1000000000001,0.42947816469235756
6,5.46,805.35,0.42947816469235756
6,5.46,849.6,0.42947816469235756
6,5.46,symmetric,0.32126342010995246
6,5.760000000000001,8.85,0.4294781646923575
6,5.760000000000001,53.1,0.42947816469235756
6,5.760000000000001,97.35,0.42947816469235756
6,5.760000000000001,141.60000000000002,0.42947816469235756
6,5.760000000000001,185.85000000000002,0.42947816469235756
6,5.760000000000001,230.1,0.42947816469235756
6,5.760000000000001,274.35,0.42947816469235756
6,5.760000000000001,318.6,0.42947816469235756
6,5.760000000000001,362.85,0.42947816469235756
6,5.760000000000001,407.1,0.42947816469235756
6,5.760000000000001,451.35,0.42947816469235756
6,5.760000000000001,495.6,0.42947816469235756
6,5.760000000000001,539.8500000000001,0.42947816469235756
6,5.760000000000001,584.1,0.42947816469235756
6,5.760000000000001,628.35,0.42947816469235756
6,5.760000000000001,672.6,0.42947816469235756
6,5.760000000000001,716.85,0.42947816469235756
6,5.760000000000001,761.1000000000001,0.42947816469235756
6,5.760000000000001,805.35,0.42947816469235756
6,5.760000000000001,849.6,0.42947816469235756
6,5.760000000000001,symmetric,0.3065241077932774
6,symmetric,8.85,0.5784338210454357
6,symmetric,53.1,0.4250406412423006
6,symmetric,97.35,0.33401699417718067
6,symmetric,141.60000000000002,0.3054802865247751
6,symmetric,185.85000000000002,0.34996284593097354
6,symmetric,230.1,0.3433562938331687
6,symmetric,274.35,0.36131520917339177
6,symmetric,318.6,0.396982171055563
6,symmetric,362.85,0.372962440445288
6,symmetric,407.1,0.38551000362669513
6,symmetric,451.35,0.38580679888157393
6,symmetric,495.6,0.41303816422323253
6,symmetric,539.8500000000001,0.4152080788977892
6,symmetric,584.1,0.4171897930338852
6,symmetric,628.35,0.4254876656922741
6,symmetric,672.6,0.4302025799343749
6,symmetric,716.85,0.4460048639885406
6,symmetric,761.1000000000001,0.46362896974936935
6,symmetric,805.35,0.46343086297569097
6,symmetric,849.6,0.47890820833470676
6,symmetric,symmetric,0.5602623624654021
6,asymmetric,8.85,0.5771685396202472
6,asymmetric,53.1,0.5038816444028374
6,asymmetric,97.35,0.45495845948661345
6,asymmetric,141.60000000000002,0.36215574481233936
6,asymmetric,185.85000000000002,0.3523661320072542
6,asymmetric,230.1,0.35714624501815845
6,asymmetric,274.35,0.3473160003669795
6,asymmetric,318.6,0.33200384624949725
6,asymmetric,362.85,0.3405023933431984
6,asymmetric,407.1,0.3392065046892669
6,asymmetric,451.35,0.3504994999590392
6,asymmetric,495.6,0.3489925983042241
6,asymmetric,539.8500000000001,0.3473366025332778
6,asymmetric,584.1,0.35607453806517214
6,asymmetric,628.35,0.3556807882710489
6,asymmetric,672.6,0.35585961108766634
6,asymmetric,716.85,0.35051837881147274
6,asymmetric,761.1000000000001,0.3427348437771342
6,asymmetric,805.35,0.32727984047737985
6,asymmetric,849.6,0.32534753715646775
6,asymmetric,symmetric,0.5903077233435181
7,0.07,8.85,0.6070809273110672
7,0.07,53.1,0.42943328064256064
7,0.07,97.35,0.4465163285146651
7,0.07,141.60000000000002,0.4356288101838109
7,0.07,185.85000000000002,0.45831722460245017
7,0.07,230.1,0.419830010087556
7,0.07,274.35,0.430113518649902
7,0.07,318.6,0.4487020343370612
7,0.07,362.85,0.44088477133929177
7,0.07,407.1,0.4600946106434775
7,0.07,451.35,0.4726060684722481
7,0.07,495.6,0.47949608107992203
7,0.07,539.8500000000001,0.48891960657639144
7,0.07,584.1,0.502581668868935
7,0.07,628.35,0.4951289219523155
7,0.07,672.6,0.49921173532234153
7,0.07,716.85,0.5057722678434307
7,0.07,761.1000000000001,0.5177221294892445
7,0.07,805.35,0.5120738762863745
7,0.07,849.6,0.5259249882724746
7,0.07,symmetric,0.5571410011686275
7,0.42000000000000004,8.85,0.5485767804266873
7,0.42000000000000004,53.1,0.5240385125042376
7,0.42000000000000004,97.35,0.5376963931916765
7,0.42000000000000004,141.60000000000002,0.48253033629713343
7,0.42000000000000004,185.85000000000002,0.5418102882957699
7,0.42000000000000004,230.1,0.5670904427057335
7,0.42000000000000004,274.35,0.5962876541085941
7,0.42000000000000004,318.6,0.5805058358911966
7,0.42000000000000004,362.85,0.6081268554008865
7,0.42000000000000004,407.1,0.6043352210679315
7,0.42000000000000004,451.35,0.5904159553716132
7,0.42000000000000004,495.6,0.6067863409180294
7,0.42000000000000004,539.8500000000001,0.5604976759368544
7,0.42000000000000004,584.1,0.6075644481977909
7,0.42000000000000004,628.35,0.6086926532720259
7,0.42000000000000004,672.6,0.5168277536743482
7,0.42000000000000004,716.85,0.5780356861570406
7,0.42000000000000004,761.1000000000001,0.5114872527122939
7,0.42000000000000004,805.35,0.49662025135721494
7,0.42000000000000004,849.6,0.5033478344132623
7,0.42000000000000004,symmetric,0.5775972603973308
7,0.77,8.85,0.48950688310029433
7,0.77,53.1,0.4915270304535788
7,0.77,97.35,0.3917240995261459
7,0.77,141.60000000000002,0.4218689463657765
7,0.77,185.85000000000002,0.4294781646923575
7,0.77,230.1,0.4294781646923575
7,0.77,274.35,0.4294781646923575
7,0.77,318.6,0.4294781646923575
7,0.77,362.85,0.42947816469235756
7,0.77,407.1,0.42947816469235756
7,0.77,451.35,0.4294781646923575
7,0.77,495.6,0.4294781646923575
7,0.77,539.8500000000001,0.4294781646923575
7,0.77,584.1,0.4294781646923575
7,0.77,628.35,0.4294781646923575
7,0.77,672.6,0.4294781646923575
7,0.77,716.85,0.42947816469235756
7,0.77,761.1000000000001,0.4294781646923575
7,0.77,805.35,0.4294781646923575
7,0.77,849.6,0.4294781646923575
7,0.77,symmetric,0.5863346620750024
7,1.12,8.85,0.5746655508139628
7,1.12,53.1,0.4100586242100637
7,1.12,97.35,0.4294781646923575
7,1.12,141.60000000000002,0.4294781646923575
7,1.12,185.85000000000002,0.4294781646923575
7,1.12,230.1,0.4294781646923575
7,1.12,274.35,0.4294781646923575
7,1.12,318.6,0.4294781646923575
7,1.12,362.85,0.4294781646923575
7,1.12,407.1,0.4294781646923575
7,1.12,451.35,0.4294781646923575
7,1.12,495.6,0.4294781646923575
7,1.12,539.8500000000001,0.4294781646923575
7,1.12,584.1,0.4294781646923575
7,1.12,628.35,0.42947816469235756
7,1.12,672.6,0.4294781646923575
7,1.12,716.85,0.4294781646923575
7,1.12,761.1000000000001,0.4294781646923575
7,1.12,805.35,0.4294781646923575
7,1.12,849.6,0.4294781646923575
7,1.12,symmetric,0.6026466376771513
7,1.4700000000000002,8.85,0.586441934969468
7,1.4700000000000002,53.1,0.42947816469235744
7,1.4700000000000002,97.35,0.4294781646923575
7,1.4700000000000002,141.60000000000002,0.4294781646923575
7,1.4700000000000002,185.85000000000002,0.4294781646923575
7,1.4700000000000002,230.1,0.4294781646923575
7,1.4700000000000002,274.35,0.4294781646923575
7,1.4700000000000002,318.6,0.4294781646923575
7,1.4700000000000002,362.85,0.4294781646923575
7,1.4700000000000002,407.1,0.4294781646923575
7,1.4700000000000002,451.35,0.4294781646923575
7,1.4700000000000002,495.6,0.4294781646923575
7,1.4700000000000002,539.8500000000001,0.4294781646923575
7,1.4700000000000002,584.1,0.4294781646923575
7,1.4700000000000002,628.35,0.4294781646923575
7,1.4700000000000002,672.6,0.4294781646923575
7,1.4700000000000002,716.85,0.4294781646923575
7,1.4700000000000002,761.1000000000001,0.4294781646923575
7,1.4700000000000002,805.35,0.4294781646923575
7,1.4700000000000002,849.6,0.4294781646923575
7,1.4700000000000002,symmetric,0.5688609457086676
7,1.82,8.85,0.4193366815260187
7,1.82,53.1,0.4294781646923575
7,1.82,97.35,0.4294781646923575
7,1.82,141.60000000000002,0.4294781646923575
7,1.82,185.85000000000002,0.4294781646923575
7,1.82,230.1,0.4294781646923575
7,1.82,274.35,0.4294781646923575
7,1.82,318.6,0.4294781646923575
7,1.82,362.85,0.4294781646923575
7,1.82,407.1,0.4294781646923575
7,1.82,451.35,0.4294781646923575
7,1.82,495.6,0.4294781646923575
7,1.82,539.8500000000001,0.4294781646923575
7,1.82,584.1,0.4294781646923575
7,1.82,628.35,0.4294781646923575
7,1.82,672.6,0.4294781646923575
7,1.82,716.85,0.4294781646923575
7,1.82,761.1000000000001,0.4294781646923575
7,1.82,805.35,0.4294781646923575
7,1.82,849.6,0.4294781646923575
7,1.82,symmetric,0.5216210354180203
7,2.1700000000000004,8.85,0.3712445050178156
7,2.1700000000000004,53.1,0.4294781646923575
7,2.1700000000000004,97.35,0.4294781646923575
7,2.1700000000000004,141.60000000000002,0.4294781646923575
7,2.1700000000000004,185.85000000000002,0.4294781646923575
7,2.1700000000000004,230.1,0.4294781646923575
7,2.1700000000000004,274.35,0.4294781646923575
7,2.1700000000000004,318.6,0.4294781646923575
7,2.1700000000000004,362.85,0.4294781646923575
7,2.1700000000000004,407.1,0.4294781646923575
7,2.1700000000000004,451.35,0.4294781646923575
7,2.1700000000000004,495.6,0.4294781646923575
7,2.1700000000000004,539.8500000000001,0.4294781646923575
7,2.1700000000000004,584.1,0.4294781646923575
7,2.1700000000000004,628.35,0.4294781646923575
7,2.1700000000000004,672.6,0.4294781646923575
7,2.1700000000000004,716.85,0.4294781646923575
7,2.1700000000000004,761.1000000000001,0.4294781646923575
7,2.1700000000000004,805.35,0.4294781646923575
7,2.1700000000000004,849.6,0.4294781646923575
7,2.1700000000000004,symmetric,0.5270680068637005
7,2.5200000000000005,8.85,0.3906012435082727
7,2.5200000000000005,53.1,0.42947816469235756
7,2.5200000000000005,97.35,0.4294781646923575
7,2.5200000000000005,141.60000000000002,0.4294781646923575
7,2.5200000000000005,185.85000000000002,0.4294781646923575
7,2.5200000000000005,230.1,0.4294781646923575
7,2.5200000000000005,274.35,0.4294781646923575
7,2.5200000000000005,318.6,0.4294781646923575
7,2.5200000000000005,362.85,0.4294781646923575
7,2.5200000000000005,407.1,0.4294781646923575
7,2.5200000000000005,451.35,0.4294781646923575
7,2.5200000000000005,495.6,0.4294781646923575
7,2.5200000000000005,539.8500000000001,0.4294781646923575
7,2.5200000000000005,584.1,0.4294781646923575
7,2.5200000000000005,628.35,0.4294781646923575
7,2.5200000000000005,672.6,0.4294781646923575
7,2.5200000000000005,716.85,0.4294781646923575
7,2.5200000000000005,761.1000000000001,0.4294781646923575
7,2.5200000000000005,805.35,0.4294781646923575
7,2.5200000000000005,849.6,0.4294781646923575
7,2.5200000000000005,symmetric,0.5207292541132227
7,2.87,8.85,0.41482589924670366
7,2.87,53.1,0.42947816469235756
7,2.87,97.35,0.4294781646923575
7,2.87,141.60000000000002,0.4294781646923575
7,2.87,185.85000000000002,0.4294781646923575
7,2.87,230.1,0.4294781646923575
7,2.87,274.35,0.4294781646923575
7,2.87,318.6,0.4294781646923575
7,2.87,362.85,0.4294781646923575
7,2.87,407.1,0.4294781646923575
7,2.87,451.35,0.4294781646923575
7,2.87,495.6,0.4294781646923575
7,2.87,539.8500000000001,0.4294781646923575
7,2.87,584.1,0.4294781646923575
7,2.87,628.35,0.4294781646923575
7,2.87,672.6,0.4294781646923575
7,2.87,716.85,0.4294781646923575
7,2.87,761.1000000000001,0.42947816469235756
7,2.87,805.35,0.4294781646923575
7,2.87,849.6,0.4294781646923575
7,2.87,symmetric,0.5071137484495803
7,3.22,8.85,0.425388945235551
7,3.22,53.1,0.42947816469235756
7,3.22,97.35,0.42947816469235756
7,3.22,141.60000000000002,0.42947816469235756
7,3.22,185.85000000000002,0.42947816469235756
7,3.22,230.1,0.4294781646923575
7,3.22,274.35,0.4294781646923575
7,3.22,318.6,0.4294781646923575
7,3.22,362.85,0.4294781646923575
7,3.22,407.1,0.42947816469235756
7,3.22,451.35,0.4294781646923575
7,3.22,495.6,0.4294781646923575
7,3.22,539.8500000000001,0.4294781646923575
7,3.22,584.1,0.4294781646923575
7,3.22,628.35,0.4294781646923575
7,3.22,672.6,0.4294781646923575
7,3.22,716.85,0.4294781646923575
7,3.22,761.1000000000001,0.4294781646923575
7,3.22,805.35,0.4294781646923575
7,3.22,849.6,0.4294781646923575
7,3.22,symmetric,0.501155217062591
7,3.5700000000000003,8.85,0.4294781646923575
7,3.5700000000000003,53.1,0.42947816469235756
7,3.5700000000000003,97.35,0.42947816469235756
7,3.5700000000000003,141.60000000000002,0.42947816469235756
7,3.5700000000000003,185.85000000000002,0.42947816469235756
7,3.5700000000000003,230.1,0.4294781646923575
7,3.5700000000000003,274.35,0.4294781646923575
7,3.5700000000000003,318.6,0.4294781646923575
7,3.5700000000000003,362.85,0.4294781646923575
7,3.5700000000000003,407.1,0.4294781646923575
7,3.5700000000000003,451.35,0.4294781646923575
7,3.5700000000000003,495.6,0.4294781646923575
7,3.5700000000000003,539.8500000000001,0.4294781646923575
7,3.5700000000000003,584.1,0.4294781646923575
7,3.5700000000000003,628.35,0.4294781646923575
7,3.5700000000000003,672.6,0.4294781646923575
7,3.5700000000000003,716.85,0.4294781646923575
7,3.5700000000000003,761.1000000000001,0.4294781646923575
7,3.5700000000000003,805.35,0.4294781646923575
7,3.5700000000000003,849.6,0.4294781646923575
7,3.5700000000000003,symmetric,0.4852359757373084
7,3.9200000000000004,8.85,0.4294781646923575
7,3.9200000000000004,53.1,0.42947816469235756
7,3.9200000000000004,97.35,0.42947816469235756
7,3.9200000000000004,141.60000000000002,0.42947816469235756
7,3.9200000000000004,185.85000000000002,0.42947816469235756
7,3.9200000000000004,230.1,0.42947816469235756
7,3.9200000000000004,274.35,0.4294781646923575
7,3.9200000000000004,318.6,0.4294781646923575
7,3.9200000000000004,362.85,0.4294781646923575
7,3.9200000000000004,407.1,0.4294781646923575
7,3.9200000000000004,451.35,0.4294781646923575
7,3.9200000000000004,495.6,0.4294781646923575
7,3.9200000000000004,539.8500000000001,0.4294781646923575
7,3.9200000000000004,584.1,0.4294781646923575
7,3.9200000000000004,628.35,0.4294781646923575
7,3.9200000000000004,672.6,0.42947816469235756
7,3.9200000000000004,716.85,0.42947816469235756
7,3.9200000000000004,761.1000000000001,0.4294781646923575
7,3.9200000000000004,805.35,0.4294781646923575
7,3.9200000000000004,849.6,0.42947816469235756
7,3.9200000000000004,symmetric,0.4235419472740557
7,4.2700000000000005,8.85,0.4294781646923575
7,4.2700000000000005,53.1,0.42947816469235756
7,4.2700000000000005,97.35,0.42947816469235756
7,4.2700000000000005,141.60000000000002,0.42947816469235756
7,4.2700000000000005,185.85000000000002,0.42947816469235756
7,4.2700000000000005,230.1,0.42947816469235756
7,4.2700000000000005,274.35,0.4294781646923575
7,4.2700000000000005,318.6,0.4294781646923575
7,4.2700000000000005,362.85,0.42947816469235756
7,4.2700000000000005,407.1,0.42947816469235756
7,4.2700000000000005,451.35,0.4294781646923575
7,4.2700000000000005,495.6,0.4294781646923575
7,4.2700000000000005,539.8500000000001,0.4294781646923575
7,4.2700000000000005,584.1,0.4294781646923575
7,4.2700000000000005,628.35,0.4294781646923575
7,4.2700000000000005,672.6,0.4294781646923575
7,4.2700000000000005,716.85,0.4294781646923575
7,4.2700000000000005,761.1000000000001,0.4294781646923575
7,4.2700000000000005,805.35,0.4294781646923575
7,4.2700000000000005,849.6,0.4294781646923575
7,4.2700000000000005,symmetric,0.3677186180107359
7,4.62,8.85,0.4294781646923575
7,4.62,53.1,0.42947816469235756
7,4.62,97.35,0.42947816469235756
7,4.62,141.60000000000002,0.42947816469235756
7,4.62,185.85000000000002,0.42947816469235756
7,4.62,230.1,0.42947816469235756
7,4.62,274.35,0.42947816469235756
7,4.62,318.6,0.42947816469235756
7,4.62,362.85,0.42947816469235756
7,4.62,407.1,0.42947816469235756
7,4.62,451.35,0.42947816469235756
7,4.62,495.6,0.42947816469235756
7,4.62,539.8500000000001,0.4294781646923575
7,4.62,584.1,0.4294781646923575
7,4.62,628.35,0.4294781646923575
7,4.62,672.6,0.42947816469235756
7,4.62,716.85,0.4294781646923575
7,4.62,761.1000000000001,0.4294781646923575
7,4.62,805.35,0.42947816469235756
7,4.62,849.6,0.4294781646923575
7,4.62,symmetric,0.3531931903858648
7,4.970000000000001,8.85,0.42947816469235744
7,4.970000000000001,53.1,0.42947816469235756
7,4.970000000000001,97.35,0.42947816469235756
7,4.970000000000001,141.60000000000002,0.42947816469235756
7,4.970000000000001,185.85000000000002,0.42947816469235756
7,4.970000000000001,230.1,0.42947816469235756
7,4.970000000000001,274.35,0.42947816469235756
7,4.970000000000001,318.6,0.42947816469235756
7,4.970000000000001,362.85,0.42947816469235756
7,4.970000000000001,407.1,0.42947816469235756
7,4.970000000000001,451.35,0.42947816469235756
7,4.970000000000001,495.6,0.42947816469235756
7,4.970000000000001,539.8500000000001,0.4294781646923575
7,4.970000000000001,584.1,0.42947816469235756
7,4.970000000000001,628.35,0.4294781646923575
7,4.970000000000001,672.6,0.4294781646923575
7,4.970000000000001,716.85,0.42947816469235756
7,4.970000000000001,761.1000000000001,0.42947816469235756
7,4.970000000000001,805.35,0.4294781646923575
7,4.970000000000001,849.6,0.4294781646923575
7,4.970000000000001,symmetric,0.32161187483426346
7,5.32,8.85,0.42947816469235756
7,5.32,53.1,0.42947816469235756
7,5.32,97.35,0.42947816469235756
7,5.32,141.60000000000002,0.42947816469235756
7,5.32,185.85000000000002,0.42947816469235756
7,5.32,230.1,0.42947816469235756
7,5.32,274.35,0.42947816469235756
7,5.32,318.6,0.42947816469235756
7,5.32,362.85,0.42947816469235756
7,5.32,407.1,0.42947816469235756
7,5.32,451.35,0.42947816469235756
7,5.32,495.6,0.42947816469235756
7,5.32,539.8500000000001,0.42947816469235756
7,5.32,584.1,0.42947816469235756
7,5.32,628.35,0.42947816469235756
7,5.32,672.6,0.42947816469235756
7,5.32,716.85,0.42947816469235756
7,5.32,761.1000000000001,0.42947816469235756
7,5.32,805.35,0.4294781646923575
7,5.32,849.6,0.42947816469235756
7,5.32,symmetric,0.32807918041117157
7,5.67,8.85,0.42947816469235756
7,5.67,53.1,0.42947816469235756
7,5.67,97.35,0.42947816469235756
7,5.67,141.60000000000002,0.42947816469235756
7,5.67,185.85000000000002,0.42947816469235756
7,5.67,230.1,0.42947816469235756
7,5.67,274.35,0.42947816469235756
7,5.67,318.6,0.42947816469235756
7,5.67,362.85,0.42947816469235756
7,5.67,407.1,0.42947816469235756
7,5.67,451.35,0.42947816469235756
7,5.67,495.6,0.42947816469235756
7,5.67,539.8500000000001,0.42947816469235756
7,5.67,584.1,0.42947816469235756
7,5.67,628.35,0.42947816469235756
7,5.67,672.6,0.42947816469235756
7,5.67,716.85,0.42947816469235756
7,5.67,761.1000000000001,0.42947816469235756
7,5.67,805.35,0.42947816469235756
7,5.67,849.6,0.42947816469235756
7,5.67,symmetric,0.31842341947163433
7,6.0200000000000005,8.85,0.42947816469235756
7,6.0200000000000005,53.1,0.42947816469235756
7,6.0200000000000005,97.35,0.42947816469235756
7,6.0200000000000005,141.60000000000002,0.42947816469235756
7,6.0200000000000005,185.85000000000002,0.42947816469235756
7,6.0200000000000005,230.1,0.42947816469235756
7,6.0200000000000005,274.35,0.42947816469235756
7,6.0200000000000005,318.6,0.42947816469235756
7,6.0200000000000005,362.85,0.42947816469235756
7,6.0200000000000005,407.1,0.42947816469235756
7,6.0200000000000005,451.35,0.42947816469235756
7,6.0200000000000005,495.6,0.42947816469235756
7,6.0200000000000005,539.8500000000001,0.42947816469235756
7,6.0200000000000005,584.1,0.42947816469235756
7,6.0200000000000005,628.35,0.42947816469235756
7,6.0200000000000005,672.6,0.42947816469235756
7,6.0200000000000005,716.85,0.42947816469235756
7,6.0200000000000005,761.1000000000001,0.42947816469235756
7,6.0200000000000005,805.35,0.42947816469235756
7,6.0200000000000005,849.6,0.42947816469235756
7,6.0200000000000005,symmetric,0.3293949316822373
7,6.37,8.85,0.42947816469235756
7,6.37,53.1,0.42947816469235756
7,6.37,97.35,0.42947816469235756
7,6.37,141.60000000000002,0.42947816469235756
7,6.37,185.85000000000002,0.42947816469235756
7,6.37,230.1,0.42947816469235756
7,6.37,274.35,0.42947816469235756
7,6.37,318.6,0.42947816469235756
7,6.37,362.85,0.42947816469235756
7,6.37,407.1,0.42947816469235756
7,6.37,451.35,0.42947816469235756
7,6.37,495.6,0.42947816469235756
7,6.37,539.8500000000001,0.42947816469235756
7,6.37,584.1,0.42947816469235756
7,6.37,628.35,0.42947816469235756
7,6.37,672.6,0.42947816469235756
7,6.37,716.85,0.42947816469235756
7,6.37,761.1000000000001,0.42947816469235756
7,6.37,805.35,0.42947816469235756
7,6.37,849.6,0.42947816469235756
7,6.37,symmetric,0.33909747599722195
7,6.720000000000001,8.85,0.42947816469235756
7,6.720000000000001,53.1,0.42947816469235756
7,6.720000000000001,97.35,0.42947816469235756
7,6.720000000000001,141.60000000000002,0.42947816469235756
7,6.720000000000001,185.85000000000002,0.42947816469235756
7,6.720000000000001,230.1,0.42947816469235756
7,6.720000000000001,274.35,0.42947816469235756
7,6.720000000000001,318.6,0.42947816469235756
7,6.720000000000001,362.85,0.42947816469235756
7,6.720000000000001,407.1,0.42947816469235756
7,6.720000000000001,451.35,0.42947816469235756
7,6.720000000000001,495.6,0.42947816469235756
7,6.720000000000001,539.8500000000001,0.42947816469235756
7,6.720000000000001,584.1,0.42947816469235756
7,6.720000000000001,628.35,0.42947816469235756
7,6.720000000000001,672.6,0.42947816469235756
7,6.720000000000001,716.85,0.42947816469235756
7,6.720000000000001,761.1000000000001,0.42947816469235756
7,6.720000000000001,805.35,0.42947816469235756
7,6.720000000000001,849.6,0.4294781646923575
7,6.720000000000001,symmetric,0.32948488964161843
7,symmetric,8.85,0.6643524528976796
7,symmetric,53.1,0.44793802269256966
7,symmetric,97.35,0.4317738387764059
7,symmetric,141.60000000000002,0.4435987570605476
7,symmetric,185.85000000000002,0.41296698791811076
7,symmetric,230.1,0.44319132582659276
7,symmetric,274.35,0.4576605170174005
7,symmetric,318.6,0.4706373098141952
7,symmetric,362.85,0.4796627922908549
7,symmetric,407.1,0.4971059744283199
7,symmetric,451.35,0.5058660698965619
7,symmetric,495.6,0.5154840395028321
7,symmetric,539.8500000000001,0.5225412995126557
7,symmetric,584.1,0.5248029484888266
7,symmetric,628.35,0.5124642248895125
7,symmetric,672.6,0.5178829906320863
7,symmetric,716.85,0.5370457188222374
7,symmetric,761.1000000000001,0.5394670143289549
7,symmetric,805.35,0.5693381480563416
7,symmetric,849.6,0.5694141135006482
7,symmetric,symmetric,0.5641046683164826
7,asymmetric,8.85,0.5657586161684494
7,asymmetric,53.1,0.3460059396349749
7,asymmetric,97.35,0.38315272791236826
7,asymmetric,141.60000000000002,0.361987846537159
7,asymmetric,185.85000000000002,0.3645747814226688
7,asymmetric,230.1,0.3600771163086787
7,asymmetric,274.35,0.3527661864195101
7,asymmetric,318.6,0.3543459441481674
7,asymmetric,362.85,0.35247180183101434
7,asymmetric,407.1,0.34306876634384714
7,asymmetric,451.35,0.35055996686246316
7,asymmetric,495.6,0.3250339406595293
7,asymmetric,539.8500000000001,0.3425459677375112
7,asymmetric,584.1,0.3414467676103773
7,asymmetric,628.35,0.334037872946036
7,asymmetric,672.6,0.3510352957758303
7,asymmetric,716.85,0.3417511792240563
7,asymmetric,761.1000000000001,0.3531308404727067
7,asymmetric,805.35,0.3205526931911228
7,asymmetric,849.6,0.2912594035218276
7,asymmetric,symmetric,0.6364032216703525
8,0.08,8.85,0.5476476024508615
8,0.08,53.1,0.43665815354405674
8,0.08,97.35,0.41681441619098036
8,0.08,141.60000000000002,0.46566200184900375
8,0.08,185.85000000000002,0.51342389368441
8,0.08,230.1,0.541188595213519
8,0.08,274.35,0.5301253383545124
8,0.08,318.6,0.5207100716107476
8,0.08,362.85,0.5252960795348693
8,0.08,407.1,0.49206019298855797
8,0.08,451.35,0.49043798710541436
8,0.08,495.6,0.49228352790462876
8,0.08,539.8500000000001,0.4905332632796328
8,0.08,584.1,0.5433835278344357
8,0.08,628.35,0.5165696732275821
8,0.08,672.6,0.5171955253445915
8,0.08,716.85,0.494107963465518
8,0.08,761.1000000000001,0.49653829171523356
8,0.08,805.35,0.523883733795873
8,0.08,849.6,0.5202883408075964
8,0.08,symmetric,0.5578045147841195
8,0.48000000000000004,8.85,0.5835715126226843
8,0.48000000000000004,53.1,0.5146864674600125
8,0.48000000000000004,97.35,0.46479253568106316
8,0.48000000000000004,141.60000000000002,0.4858273382472887
8,0.48000000000000004,185.85000000000002,0.5076372911065836
8,0.48000000000000004,230.1,0.5436198722263101
8,0.48000000000000004,274.35,0.5831244207912204
8,0.48000000000000004,318.6,0.49966326695780283
8,0.48000000000000004,362.85,0.43996191905028664
8,0.48000000000000004,407.1,0.4215867643147
8,0.48000000000000004,451.35,0.36071074099927064
8,0.48000000000000004,495.6,0.35083051488638173
8,0.48000000000000004,539.8500000000001,0.35576023136390156
8,0.48000000000000004,584.1,0.36208516517173156
8,0.48000000000000004,628.35,0.38570116088513084
8,0.48000000000000004,672.6,0.40492349020059115
8,0.48000000000000004,716.85,0.412470706472975
8,0.48000000000000004,761.1000000000001,0.42097443558266623
8,0.48000000000000004,805.35,0.42097443558266623
8,0.48000000000000004,849.6,0.42947816469235744
8,0.48000000000000004,symmetric,0.5580498442262732
8,0.88,8.85,0.5233574954791371
8,0.88,53.1,0.3961650184811558
8,0.88,97.35,0.42947816469235744
8,0.88,141.60000000000002,0.42947816469235744
8,0.88,185.85000000000002,0.42947816469235756
8,0.88,230.1,0.42947816469235756
8,0.88,274.35,0.42947816469235756
8,0.88,318.6,0.42947816469235744
8,0.88,362.85,0.42947816469235756
8,0.88,407.1,0.42947816469235756
8,0.88,451.35,0.42947816469235756
8,0.88,495.6,0.42947816469235756
8,0.88,539.8500000000001,0.42947816469235756
8,0.88,584.1,0.42947816469235756
8,0.88,628.35,0.42947816469235744
8,0.88,672.6,0.42947816469235744
8,0.88,716.85,0.42947816469235756
8,0.88,761.1000000000001,0.42947816469235756
8,0.88,805.35,0.42947816469235744
8,0.88,849.6,0.42947816469235756
8,0.88,symmetric,0.5681855881002873
8,1.2800000000000002,8.85,0.57087367719337
8,1.2800000000000002,53.1,0.42947816469235744
8,1.2800000000000002,97.35,0.42947816469235744
8,1.2800000000000002,141.60000000000002,0.42947816469235756
8,1.2800000000000002,185.85000000000002,0.42947816469235756
8,1.2800000000000002,230.1,0.42947816469235756
8,1.2800000000000002,274.35,0.42947816469235756
8,1.2800000000000002,318.6,0.42947816469235756
8,1.2800000000000002,362.85,0.42947816469235756
8,1.2800000000000002,407.1,0.42947816469235756
8,1.2800000000000002,451.35,0.42947816469235756
8,1.2800000000000002,495.6,0.42947816469235756
8,1.2800000000000002,539.8500000000001,0.42947816469235756
8,1.2800000000000002,584.1,0.42947816469235756
8,1.2800000000000002,628.35,0.42947816469235756
8,1.2800000000000002,672.6,0.42947816469235756
8,1.2800000000000002,716.85,0.42947816469235756
8,1.2800000000000002,761.1000000000001,0.42947816469235744
8,1.2800000000000002,805.35,0.42947816469235756
8,1.2800000000000002,849.6,0.42947816469235756
8,1.2800000000000002,symmetric,0.586492545535391
8,1.6800000000000002,8.85,0.4356283692118931
8,1.6800000000000002,53.1,0.42947816469235744
8,1.6800000000000002,97.35,0.42947816469235756
8,1.6800000000000002,141.60000000000002,0.42947816469235756
8,1.6800000000000002,185.85000000000002,0.42947816469235756
8,1.6800000000000002,230.1,0.42947816469235756
8,1.6800000000000002,274.35,0.42947816469235744
8,1.6800000000000002,318.6,0.42947816469235756
8,1.6800000000000002,362.85,0.42947816469235756
8,1.6800000000000002,407.1,0.42947816469235756
8,1.6800000000000002,451.35,0.42947816469235756
8,1.6800000000000002,495.6,0.42947816469235756
8,1.6800000000000002,539.8500000000001,0.42947816469235756
8,1.6800000000000002,584.1,0.42947816469235744
8,1.6800000000000002,628.35,0.42947816469235756
8,1.6800000000000002,672.6,0.42947816469235756
8,1.6800000000000002,716.85,0.42947816469235756
8,1.6800000000000002,761.1000000000001,0.42947816469235756
8,1.6800000000000002,805.35,0.42947816469235756
8,1.6800000000000002,849.6,0.42947816469235756
8,1.6800000000000002,symmetric,0.5575368051951654
8,2.08,8.85,0.3799080816391102
8,2.08,53.1,0.42947816469235756
8,2.08,97.35,0.42947816469235756
8,2.08,141.60000000000002,0.42947816469235756
8,2.08,185.85000000000002,0.42947816469235756
8,2.08,230.1,0.42947816469235756
8,2.08,274.35,0.42947816469235756
8,2.08,318.6,0.42947816469235756
8,2.08,362.85,0.42947816469235756
8,2.08,407.1,0.42947816469235744
8,2.08,451.35,0.42947816469235756
8,2.08,495.6,0.42947816469235756
8,2.08,539.8500000000001,0.42947816469235756
8,2.08,584.1,0.42947816469235756
8,2.08,628.35,0.42947816469235756
8,2.08,672.6,0.42947816469235756
8,2.08,716.85,0.42947816469235756
8,2.08,761.1000000000001,0.42947816469235756
8,2.08,805.35,0.42947816469235756
8,2.08,849.6,0.42947816469235756
8,2.08,symmetric,0.5500095934512125
8,2.4800000000000004,8.85,0.4165202420921659
8,2.4800000000000004,53.1,0.42947816469235756
8,2.4800000000000004,97.35,0.42947816469235756
8,2.4800000000000004,141.60000000000002,0.42947816469235756
8,2.4800000000000004,185.85000000000002,0.42947816469235756
8,2.4800000000000004,230.1,0.42947816469235756
8,2.4800000000000004,274.35,0.42947816469235756
8,2.4800000000000004,318.6,0.42947816469235756
8,2.4800000000000004,362.85,0.42947816469235756
8,2.4800000000000004,407.1,0.42947816469235756
8,2.4800000000000004,451.35,0.42947816469235756
8,2.4800000000000004,495.6,0.42947816469235756
8,2.4800000000000004,539.8500000000001,0.42947816469235756
8,2.4800000000000004,584.1,0.42947816469235744
8,2.4800000000000004,628.35,0.42947816469235756
8,2.4800000000000004,672.6,0.42947816469235756
8,2.4800000000000004,716.85,0.42947816469235756
8,2.4800000000000004,761.1000000000001,0.42947816469235756
8,2.4800000000000004,805.35,0.42947816469235756
8,2.4800000000000004,849.6,0.42947816469235756
8,2.4800000000000004,symmetric,0.5408060078418057
8,2.8800000000000003,8.85,0.42947816469235744
8,2.8800000000000003,53.1,0.42947816469235756
8,2.8800000000000003,97.35,0.42947816469235756
8,2.8800000000000003,141.60000000000002,0.42947816469235756
8,2.8800000000000003,185.85000000000002,0.42947816469235756
8,2.8800000000000003,230.1,0.42947816469235756
8,2.8800000000000003,274.35,0.42947816469235756
8,2.8800000000000003,318.6,0.42947816469235756
8,2.8800000000000003,362.85,0.42947816469235756
8,2.8800000000000003,407.1,0.42947816469235756
8,2.8800000000000003,451.35,0.42947816469235756
8,2.8800000000000003,495.6,0.42947816469235756
8,2.8800000000000003,539.8500000000001,0.42947816469235756
8,2.8800000000000003,584.1,0.42947816469235756
8,2.8800000000000003,628.35,0.42947816469235756
8,2.8800000000000003,672.6,0.42947816469235756
8,2.8800000000000003,716.85,0.42947816469235756
8,2.8800000000000003,761.1000000000001,0.42947816469235756
8,2.8800000000000003,805.35,0.42947816469235756
8,2.8800000000000003,849.6,0.42947816469235756
8,2.8800000000000003,symmetric,0.5160507817883426
8,3.2800000000000002,8.85,0.4294781646923575
8,3.2800000000000002,53.1,0.42947816469235756
8,3.2800000000000002,97.35,0.42947816469235756
8,3.2800000000000002,141.60000000000002,0.42947816469235756
8,3.2800000000000002,185.85000000000002,0.42947816469235756
8,3.2800000000000002,230.1,0.42947816469235756
8,3.2800000000000002,274.35,0.42947816469235756
8,3.2800000000000002,318.6,0.42947816469235756
8,3.2800000000000002,362.85,0.42947816469235756
8,3.2800000000000002,407.1,0.42947816469235756
8,3.2800000000000002,451.35,0.42947816469235756
8,3.2800000000000002,495.6,0.42947816469235756
8,3.2800000000000002,539.8500000000001,0.42947816469235756
8,3.2800000000000002,584.1,0.42947816469235756
8,3.2800000000000002,628.35,0.42947816469235756
8,3.2800000000000002,672.6,0.42947816469235756
8,3.2800000000000002,716.85,0.42947816469235756
8,3.2800000000000002,761.1000000000001,0.42947816469235756
8,3.2800000000000002,805.35,0.42947816469235756
8,3.2800000000000002,849.6,0.42947816469235756
8,3.2800000000000002,symmetric,0.480505508841187
8,3.68,8.85,0.42947816469235744
8,3.68,53.1,0.42947816469235756
8,3.68,97.35,0.42947816469235756
8,3.68,141.60000000000002,0.42947816469235756
8,3.68,185.85000000000002,0.42947816469235756
8,3.68,230.1,0.42947816469235756
8,3.68,274.35,0.42947816469235756
8,3.68,318.6,0.42947816469235756
8,3.68,362.85,0.42947816469235756
8,3.68,407.1,0.42947816469235756
8,3.68,451.35,0.42947816469235756
8,3.68,495.6,0.42947816469235756
8,3.68,539.8500000000001,0.42947816469235744
8,3.68,584.1,0.42947816469235756
8,3.68,628.35,0.42947816469235756
8,3.68,672.6,0.42947816469235756
8,3.68,716.85,0.42947816469235756
8,3.68,761.1000000000001,0.42947816469235756
8,3.68,805.35,0.42947816469235756
8,3.68,849.6,0.42947816469235756
8,3.68,symmetric,0.40290071001937533
8,4.08,8.85,0.42947816469235744
8,4.08,53.1,0.42947816469235756
8,4.08,97.35,0.42947816469235756
8,4.08,141.60000000000002,0.42947816469235756
8,4.08,185.85000000000002,0.42947816469235756
8,4.08,230.1,0.42947816469235756
8,4.08,274.35,0.42947816469235756
8,4.08,318.6,0.42947816469235756
8,4.08,362.85,0.42947816469235756
8,4.08,407.1,0.42947816469235756
8,4.08,451.35,0.42947816469235756
8,4.08,495.6,0.42947816469235756
8,4.08,539.8500000000001,0.42947816469235756
8,4.08,584.1,0.42947816469235756
8,4.08,628.35,0.42947816469235756
8,4.08,672.6,0.42947816469235756
8,4.08,716.85,0.42947816469235756
8,4.08,761.1000000000001,0.42947816469235756
8,4.08,805.35,0.42947816469235756
8,4.08,849.6,0.42947816469235756
8,4.08,symmetric,0.3724941647208928
8,4.48,8.85,0.42947816469235744
8,4.48,53.1,0.42947816469235756
8,4.48,97.35,0.42947816469235756
8,4.48,141.60000000000002,0.42947816469235756
8,4.48,185.85000000000002,0.42947816469235756
8,4.48,230.1,0.42947816469235756
8,4.48,274.35,0.42947816469235756
8,4.48,318.6,0.42947816469235756
8,4.48,362.85,0.42947816469235756
8,4.48,407.1,0.42947816469235756
8,4.48,451.35,0.42947816469235756
8,4.48,495.6,0.42947816469235744
8,4.48,539.8500000000001,0.42947816469235756
8,4.48,584.1,0.42947816469235756
8,4.48,628.35,0.42947816469235756
8,4.48,672.6,0.42947816469235756
8,4.48,716.85,0.42947816469235744
8,4.48,761.1000000000001,0.42947816469235756
8,4.48,805.35,0.42947816469235756
8,4.48,849.6,0.42947816469235756
8,4.48,symmetric,0.35453466426738545
8,4.880000000000001,8.85,0.4294781646923575
8,4.880000000000001,53.1,0.42947816469235756
8,4.880000000000001,97.35,0.42947816469235756
8,4.880000000000001,141.60000000000002,0.42947816469235756
8,4.880000000000001,185.85000000000002,0.42947816469235756
8,4.880000000000001,230.1,0.42947816469235756
8,4.880000000000001,274.35,0.42947816469235756
8,4.880000000000001,318.6,0.42947816469235756
8,4.880000000000001,362.85,0.42947816469235756
8,4.880000000000001,407.1,0.42947816469235756
8,4.880000000000001,451.35,0.42947816469235756
8,4.880000000000001,495.6,0.42947816469235756
8,4.880000000000001,539.8500000000001,0.42947816469235756
8,4.880000000000001,584.1,0.42947816469235756
8,4.880000000000001,628.35,0.42947816469235756
8,4.880000000000001,672.6,0.42947816469235756
8,4.880000000000001,716.85,0.42947816469235756
8,4.880000000000001,761.1000000000001,0.42947816469235756
8,4.880000000000001,805.35,0.42947816469235756
8,4.880000000000001,849.6,0.42947816469235756
8,4.880000000000001,symmetric,0.33074570441059653
8,5.28,8.85,0.4294781646923575
8,5.28,53.1,0.42947816469235756
8,5.28,97.35,0.42947816469235756
8,5.28,141.60000000000002,0.42947816469235756
8,5.28,185.85000000000002,0.42947816469235756
8,5.28,230.1,0.42947816469235756
8,5.28,274.35,0.42947816469235756
8,5.28,318.6,0.42947816469235756
8,5.28,362.85,0.42947816469235756
8,5.28,407.1,0.42947816469235756
8,5.28,451.35,0.42947816469235756
8,5.28,495.6,0.42947816469235756
8,5.28,539.8500000000001,0.42947816469235756
8,5.28,584.1,0.42947816469235756
8,5.28,628.35,0.42947816469235756
8,5.28,672.6,0.42947816469235756
8,5.28,716.85,0.42947816469235756
8,5.28,761.1000000000001,0.42947816469235756
8,5.28,805.35,0.42947816469235756
8,5.28,849.6,0.42947816469235756
8,5.28,symmetric,0.31863461466212606
8,5.680000000000001,8.85,0.42947816469235756
8,5.680000000000001,53.1,0.42947816469235756
8,5.680000000000001,97.35,0.42947816469235756
8,5.680000000000001,141.60000000000002,0.42947816469235756
8,5.680000000000001,185.85000000000002,0.42947816469235756
8,5.680000000000001,230.1,0.42947816469235756
8,5.680000000000001,274.35,0.42947816469235756
8,5.680000000000001,318.6,0.42947816469235756
8,5.680000000000001,362.85,0.42947816469235756
8,5.680000000000001,407.1,0.42947816469235756
8,5.680000000000001,451.35,0.42947816469235756
8,5.680000000000001,495.6,0.42947816469235756
8,5.680000000000001,539.8500000000001,0.42947816469235756
8,5.680000000000001,584.1,0.42947816469235756
8,5.680000000000001,628.35,0.42947816469235756
8,5.680000000000001,672.6,0.42947816469235756
8,5.680000000000001,716.85,0.42947816469235756
8,5.680000000000001,761.1000000000001,0.42947816469235744
8,5.680000000000001,805.35,0.42947816469235756
8,5.680000000000001,849.6,0.42947816469235756
8,5.680000000000001,symmetric,0.32344561742832684
8,6.08,8.85,0.42947816469235756
8,6.08,53.1,0.42947816469235756
8,6.08,97.35,0.42947816469235756
8,6.08,141.60000000000002,0.42947816469235756
8,6.08,185.85000000000002,0.42947816469235756
8,6.08,230.1,0.42947816469235756
8,6.08,274.35,0.42947816469235756
8,6.08,318.6,0.42947816469235756
8,6.08,362.85,0.42947816469235756
8,6.08,407.1,0.42947816469235756
8,6.08,451.35,0.42947816469235756
8,6.08,495.6,0.42947816469235756
8,6.08,539.8500000000001,0.42947816469235756
8,6.08,584.1,0.42947816469235756
8,6.08,628.35,0.42947816469235756
8,6.08,672.6,0.42947816469235756
8,6.08,716.85,0.42947816469235756
8,6.08,761.1000000000001,0.42947816469235756
8,6.08,805.35,0.42947816469235756
8,6.08,849.6,0.42947816469235744
8,6.08,symmetric,0.3369221488575371
8,6.48,8.85,0.42947816469235756
8,6.48,53.1,0.42947816469235756
8,6.48,97.35,0.42947816469235756
8,6.48,141.60000000000002,0.42947816469235756
8,6.48,185.85000000000002,0.42947816469235756
8,6.48,230.1,0.42947816469235756
8,6.48,274.35,0.42947816469235756
8,6.48,318.6,0.42947816469235756
8,6.48,362.85,0.42947816469235756
8,6.48,407.1,0.42947816469235756
8,6.48,451.35,0.42947816469235756
8,6.48,495.6,0.42947816469235756
8,6.48,539.8500000000001,0.42947816469235756
8,6.48,584.1,0.42947816469235756
8,6.48,628.35,0.42947816469235756
8,6.48,672.6,0.42947816469235756
8,6.48,716.85,0.42947816469235756
8,6.48,761.1000000000001,0.42947816469235756
8,6.48,805.35,0.42947816469235756
8,6.48,849.6,0.42947816469235756
8,6.48,symmetric,0.34540946823605634
8,6.880000000000001,8.85,0.42947816469235756
8,6.880000000000001,53.1,0.42947816469235756
8,6.880000000000001,97.35,0.42947816469235756
8,6.880000000000001,141.60000000000002,0.42947816469235756
8,6.880000000000001,185.85000000000002,0.42947816469235756
8,6.880000000000001,230.1,0.42947816469235756
8,6.880000000000001,274.35,0.42947816469235756
8,6.880000000000001,318.6,0.42947816469235756
8,6.880000000000001,362.85,0.42947816469235756
8,6.880000000000001,407.1,0.42947816469235756
8,6.880000000000001,451.35,0.42947816469235756
8,6.880000000000001,495.6,0.42947816469235756
8,6.880000000000001,539.8500000000001,0.42947816469235756
8,6.880000000000001,584.1,0.42947816469235756
8,6.880000000000001,628.35,0.42947816469235756
8,6.880000000000001,672.6,0.42947816469235756
8,6.880000000000001,716.85,0.42947816469235756
8,6.880000000000001,761.1000000000001,0.42947816469235756
8,6.880000000000001,805.35,0.42947816469235756
8,6.880000000000001,849.6,0.42947816469235756
8,6.880000000000001,symmetric,0.35201291170597576
8,7.28,8.85,0.42947816469235756
8,7.28,53.1,0.42947816469235756
8,7.28,97.35,0.42947816469235756
8,7.28,141.60000000000002,0.42947816469235756
8,7.28,185.85000000000002,0.42947816469235756
8,7.28,230.1,0.42947816469235756
8,7.28,274.35,0.42947816469235756
8,7.28,318.6,0.42947816469235756
8,7.28,362.85,0.42947816469235756
8,7.28,407.1,0.42947816469235756
8,7.28,451.35,0.42947816469235756
8,7.28,495.6,0.42947816469235756
8,7.28,539.8500000000001,0.42947816469235756
8,7.28,584.1,0.42947816469235756
8,7.28,628.35,0.42947816469235756
8,7.28,672.6,0.42947816469235756
8,7.28,716.85,0.42947816469235756
8,7.28,761.1000000000001,0.42947816469235756
8,7.28,805.35,0.42947816469235756
8,7.28,849.6,0.42947816469235756
8,7.28,symmetric,0.3529467398963352
8,7.680000000000001,8.85,0.42947816469235756
8,7.680000000000001,53.1,0.42947816469235756
8,7.680000000000001,97.35,0.42947816469235756
8,7.680000000000001,141.60000000000002,0.42947816469235756
8,7.680000000000001,185.85000000000002,0.42947816469235756
8,7.680000000000001,230.1,0.42947816469235756
8,7.680000000000001,274.35,0.42947816469235756
8,7.680000000000001,318.6,0.42947816469235756
8,7.680000000000001,362.85,0.42947816469235756
8,7.680000000000001,407.1,0.42947816469235756
8,7.680000000000001,451.35,0.42947816469235756
8,7.680000000000001,495.6,0.42947816469235756
8,7.680000000000001,539.8500000000001,0.42947816469235756
8,7.680000000000001,584.1,0.42947816469235756
8,7.680000000000001,628.35,0.42947816469235756
8,7.680000000000001,672.6,0.42947816469235756
8,7.680000000000001,716.85,0.42947816469235756
8,7.680000000000001,761.1000000000001,0.42947816469235756
8,7.680000000000001,805.35,0.42947816469235756
8,7.680000000000001,849.6,0.42947816469235756
8,7.680000000000001,symmetric,0.35373262007565776
8,symmetric,8.85,0.5380481064277678
8,symmetric,53.1,0.4255093708643243
8,symmetric,97.35,0.42233002703278266
8,symmetric,141.60000000000002,0.4289171571552879
8,symmetric,185.85000000000002,0.5256072263703933
8,symmetric,230.1,0.5281187611363424
8,symmetric,274.35,0.5214149214232748
8,symmetric,318.6,0.525212044268585
8,symmetric,362.85,0.5235509948508876
8,symmetric,407.1,0.5265902109847203
8,symmetric,451.35,0.5184628434116946
8,symmetric,495.6,0.5101971280054012
8,symmetric,539.8500000000001,0.523357206302291
8,symmetric,584.1,0.5311115725938615
8,symmetric,628.35,0.5505963716512848
8,symmetric,672.6,0.5386850589037286
8,symmetric,716.85,0.47119069444365713
8,symmetric,761.1000000000001,0.49308040074837006
8,symmetric,805.35,0.4991524319546795
8,symmetric,849.6,0.5100375194169412
8,symmetric,symmetric,0.5613017087879446
8,asymmetric,8.85,0.6191646081406731
8,asymmetric,53.1,0.35629795422486205
8,asymmetric,97.35,0.347563126625971
8,asymmetric,141.60000000000002,0.3460442851646149
8,asymmetric,185.85000000000002,0.3344663664893922
8,asymmetric,230.1,0.33871048216130717
8,asymmetric,274.35,0.3332845426036719
8,asymmetric,318.6,0.3287664645408326
8,asymmetric,362.85,0.3300553608892427
8,asymmetric,407.1,0.32176040225230146
8,asymmetric,451.35,0.3178241105536436
8,asymmetric,495.6,0.3152222697153284
8,asymmetric,539.8500000000001,0.31656771889170443
8,asymmetric,584.1,0.3233621389404
8,asymmetric,628.35,0.30807349952732005
8,asymmetric,672.6,0.3182321054396796
8,asymmetric,716.85,0.32057068445857034
8,asymmetric,761.1000000000001,0.3239366220230786
8,asymmetric,805.35,0.3235058777781642
8,asymmetric,849.6,0.31619856360930887
8,asymmetric,symmetric,0.6194611969537818
